#! FIELDS phi psi file.free der_phi der_psi
#! SET min_phi -pi
#! SET max_phi pi
#! SET nbins_phi  33
#! SET periodic_phi true
#! SET min_psi -pi
#! SET max_psi pi
#! SET nbins_psi  18
#! SET periodic_psi true
   -3.141592654   -3.141592654 -169.122913149  -52.381576220   21.573632323
   -2.951193099   -3.141592654 -177.348519820  -33.625584584   23.548862311
   -2.760793544   -3.141592654 -181.849811037  -14.129317032   24.422787563
   -2.570393989   -3.141592654 -182.962784768    1.338168343   24.542463278
   -2.379994435   -3.141592654 -181.749929991   10.093762930   24.451164043
   -2.189594880   -3.141592654 -179.530367202   12.167870518   24.739730364
   -1.999195325   -3.141592654 -177.367492298   10.109041357   25.906065349
   -1.808795770   -3.141592654 -175.672047761    7.995549201   28.224340241
   -1.618396215   -3.141592654 -174.057621002    9.807243650   31.607604969
   -1.427996661   -3.141592654 -171.529314687   17.722339392   35.551760875
   -1.237597106   -3.141592654 -166.943436795   31.013891676   39.211820187
   -1.047197551   -3.141592654 -159.568490603   46.235607823   41.614671007
   -0.856797996   -3.141592654 -149.497015509   58.468788377   41.902776744
   -0.666398442   -3.141592654 -137.758284869   63.089052495   39.522753122
   -0.475998887   -3.141592654 -126.114403159   57.154584085   34.326194466
   -0.285599332   -3.141592654 -116.659141134   40.283363687   26.622763645
   -0.095199777   -3.141592654 -111.294209459   14.815493185   17.188302682
    0.095199777   -3.141592654 -111.219465450  -14.248728001    7.177232849
    0.285599332   -3.141592654 -116.485796465  -40.041133894   -2.076545492
    0.475998887   -3.141592654 -125.778521053  -55.474498630   -9.350212731
    0.666398442   -3.141592654 -136.603438003  -55.615243805  -13.831278837
    0.856797996   -3.141592654 -145.915210202  -39.957589904  -15.323697123
    1.047197551   -3.141592654 -151.076038213  -13.189810341  -14.262648179
    1.237597106   -3.141592654 -150.746820579   16.151555593  -11.546152052
    1.427996661   -3.141592654 -145.338284795   38.763664434   -8.181902947
    1.618396215   -3.141592654 -136.835446420   47.871620359   -4.933165654
    1.808795770   -3.141592654 -128.103534571   41.230877950   -2.090565621
    1.999195325   -3.141592654 -121.980309067   21.217974157    0.511812617
    2.189594880   -3.141592654 -120.503633129   -6.423103256    3.279558919
    2.379994435   -3.141592654 -124.444651687  -34.474406516    6.562280569
    2.570393989   -3.141592654 -133.214658868  -56.158245582   10.423387817
    2.760793544   -3.141592654 -145.111403164  -66.801364670   14.571732306
    2.951193099   -3.141592654 -157.833754666  -64.918859836   18.471355606

   -3.141592654   -2.792526803 -160.375930130  -49.181987599   30.731326021
   -2.951193099   -2.792526803 -168.225065933  -32.823290704   32.305949459
   -2.760793544   -2.792526803 -172.756089004  -15.097251812   32.605381665
   -2.570393989   -2.792526803 -174.140529426   -0.353767832   32.125186356
   -2.379994435   -2.792526803 -173.224819245    8.857639134   31.506055334
   -2.189594880   -2.792526803 -171.109285198   12.471723657   31.366167031
   -1.999195325   -2.792526803 -168.675941961   12.743801157   32.158197472
   -1.808795770   -2.792526803 -166.233455849   13.187118319   34.043416366
   -1.618396215   -2.792526803 -163.428424360   16.948512810   36.766593891
   -1.427996661   -2.792526803 -159.471190726   25.273647418   39.627093977
   -1.237597106   -2.792526803 -153.582231527   36.764096256   41.606088809
   -1.047197551   -2.792526803 -145.471239603   47.875105239   41.652924926
   -0.856797996   -2.792526803 -135.626094473   54.258429468   39.013042117
   -0.666398442   -2.792526803 -125.307334173   52.401125297   33.456431354
   -0.475998887   -2.792526803 -116.267394937   40.737551305   25.350204910
   -0.285599332   -2.792526803 -110.330274905   20.187968279   15.589762031
   -0.095199777   -2.792526803 -108.913209237   -6.014511544    5.421066282
    0.095199777   -2.792526803 -112.622352179  -32.651825294   -3.807914365
    0.285599332   -2.792526803 -120.946719042  -53.404148134  -10.931869479
    0.475998887   -2.792526803 -132.178624549  -62.355818043  -15.223379702
    0.666398442   -2.792526803 -143.686919155  -56.033959495  -16.531537855
    0.856797996   -2.792526803 -152.561433273  -35.239638658  -15.276257859
    1.047197551   -2.792526803 -156.502757021   -5.464320944  -12.271949761
    1.237597106   -2.792526803 -154.594814558   24.698711468   -8.462169118
    1.427996661   -2.792526803 -147.613615345   46.573073982   -4.617785994
    1.618396215   -2.792526803 -137.747124113   54.401826200   -1.122164144
    1.808795770   -2.792526803 -127.869023487   46.879170386    2.085134870
    1.999195325   -2.792526803 -120.685587067   26.866151861    5.367390661
    2.189594880   -2.792526803 -118.068497048   -0.009377332    9.132975745
    2.379994435   -2.792526803 -120.692974555  -27.099083185   13.572445356
    2.570393989   -2.792526803 -128.001683177  -48.338696642   18.513276863
    2.760793544   -2.792526803 -138.444633744  -59.558518572   23.444471697
    2.951193099   -2.792526803 -149.929879525  -59.346722316   27.701519185

   -3.141592654   -2.443460953 -150.873585179  -45.822720302   26.260991250
   -2.951193099   -2.443460953 -158.290771896  -31.588400969   27.440055485
   -2.760793544   -2.443460953 -162.743624020  -15.376109906   27.732660303
   -2.570393989   -2.443460953 -164.254691331   -1.244850266   27.532231207
   -2.379994435   -2.443460953 -163.492225412    8.285614546   27.267262069
   -2.189594880   -2.443460953 -161.393266615   12.971621862   27.307157402
   -1.999195325   -2.443460953 -158.727762595   14.714091082   27.878796020
   -1.808795770   -2.443460953 -155.778829322   16.454821357   28.974418366
   -1.618396215   -2.443460953 -152.294808096   20.603859569   30.253614976
   -1.427996661   -2.443460953 -147.728495065   27.715790579   31.040296494
   -1.237597106   -2.443460953 -141.642740606   36.087898850   30.479506014
   -1.047197551   -2.443460953 -134.089290132   42.513475848   27.830135091
   -0.856797996   -2.443460953 -125.772033049   43.584424019   22.772987189
   -0.666398442   -2.443460953 -117.951143436   37.062520808   15.567748947
   -0.475998887   -2.443460953 -112.138045602   22.580711679    7.017289412
   -0.285599332   -2.443460953 -109.724128852    1.810522494   -1.732263107
   -0.095199777   -2.443460953 -111.610888053  -21.906837892   -9.487236678
    0.095199777   -2.443460953 -117.933888594  -43.929016515  -15.289423408
    0.285599332   -2.443460953 -127.872519732  -59.006005049  -18.632329612
    0.475998887   -2.443460953 -139.634887810  -62.442668445  -19.541155116
    0.666398442   -2.443460953 -150.722166707  -51.774422320  -18.472150325
    0.856797996   -2.443460953 -158.506172568  -28.329572984  -16.105803739
    1.047197551   -2.443460953 -161.018048488    2.400806342  -13.100329781
    1.237597106   -2.443460953 -157.627916433   32.263385088   -9.921265313
    1.427996661   -2.443460953 -149.287969278   53.256035069   -6.775973269
    1.618396215   -2.443460953 -138.230174233   60.306438349   -3.643074967
    1.808795770   -2.443460953 -127.258967888   52.574349348   -0.354083888
    1.999195325   -2.443460953 -118.955535562   33.032026249    3.285551130
    2.189594880   -2.443460953 -115.081517216    7.043571421    7.378843959
    2.379994435   -2.443460953 -116.279273183  -19.245434493   11.842403548
    2.570393989   -2.443460953 -122.060823014  -40.307833398   16.387218080
    2.760793544   -2.443460953 -131.031095841  -52.302507640   20.575661518
    2.951193099   -2.443460953 -141.282316629  -53.780353166   23.963002041

   -3.141592654   -2.094395102 -144.384477527  -42.754108263   13.569485167
   -2.951193099   -2.094395102 -151.333652822  -29.713189997   14.514745554
   -2.760793544   -2.094395102 -155.522127312  -14.419555550   15.102975627
   -2.570393989   -2.094395102 -156.910327522   -0.850402048   15.445641445
   -2.379994435   -2.094395102 -156.097032496    8.482960392   15.604953626
   -2.189594880   -2.094395102 -153.955365356   13.260707054   15.605713339
   -1.999195325   -2.094395102 -151.218211010   15.166360525   15.433258560
   -1.808795770   -2.094395102 -148.191201446   16.726246700   14.994719155
   -1.618396215   -2.094395102 -144.737142493   19.837436429   14.062308702
   -1.427996661   -2.094395102 -140.511192063   24.701828606   12.278903151
   -1.237597106   -2.094395102 -135.305744285   29.713743494    9.275744915
   -1.047197551   -2.094395102 -129.329691570   32.338603048    4.862746817
   -0.856797996   -2.094395102 -123.273697305   30.209703823   -0.786751260
   -0.666398442   -2.094395102 -118.180924726   22.127947330   -7.096876817
   -0.475998887   -2.094395102 -115.183189340    8.352083096  -13.202563661
   -0.285599332   -2.094395102 -115.231509073   -9.482048421  -18.182909675
   -0.095199777   -2.094395102 -118.857524166  -28.697860981  -21.348774357
    0.095199777   -2.094395102 -126.000180621  -45.766821666  -22.446626551
    0.285599332   -2.094395102 -135.867128042  -56.621103207  -21.739285069
    0.475998887   -2.094395102 -146.893652326  -57.390023578  -19.897025366
    0.666398442   -2.094395102 -156.906287135  -45.803260709  -17.708750707
    0.856797996   -2.094395102 -163.575623584  -22.739428443  -15.759919399
    1.047197551   -2.094395102 -165.107934232    7.095372739  -14.224012732
    1.237597106   -2.094395102 -160.899052537   36.254700842  -12.873322086
    1.427996661   -2.094395102 -151.822806141   57.100553019  -11.291627364
    1.618396215   -2.094395102 -140.001622396   64.551134098   -9.138130429
    1.808795770   -2.094395102 -128.155798613   57.535202109   -6.303637170
    1.999195325   -2.094395102 -118.833211508   38.749745897   -2.928009456
    2.189594880   -2.094395102 -113.810234557   13.325953468    0.698692867
    2.379994435   -2.094395102 -113.783407050  -12.752691743    4.247855417
    2.570393989   -2.094395102 -118.344377611  -34.075288473    7.444415163
    2.760793544   -2.094395102 -126.191363967  -46.819606203   10.099731302
    2.951193099   -2.094395102 -135.501065079  -49.425011216   12.132767990

   -3.141592654   -1.745329252 -142.784069449  -40.538654239    2.640727173
   -2.951193099   -1.745329252 -149.322559846  -27.615009534    3.388185482
   -2.760793544   -1.745329252 -153.127113641  -12.522193567    4.159758756
   -2.570393989   -1.745329252 -154.194144649    0.564428398    4.796730150
   -2.379994435   -1.745329252 -153.185392567    9.060877048    5.048083226
   -2.189594880   -1.745329252 -151.039063582   12.686188420    4.666024651
   -1.999195325   -1.745329252 -148.542461421   13.172039238    3.472748186
   -1.808795770   -1.745329252 -146.053584230   13.011975552    1.375522928
   -1.618396215   -1.745329252 -143.498829135   14.041393705   -1.648597081
   -1.427996661   -1.745329252 -140.598770099   16.546556250   -5.552056078
   -1.237597106   -1.745329252 -137.167142099   19.302875239  -10.166604049
   -1.047197551   -1.745329252 -133.332372136   20.458822393  -15.152832498
   -0.856797996   -1.745329252 -129.563459703   18.368088652  -19.973377867
   -0.666398442   -1.745329252 -126.568321914   12.267599280  -23.968008196
   -0.475998887   -1.745329252 -125.112566186    2.282299245  -26.501898599
   -0.285599332   -1.745329252 -125.863920928  -10.703663286  -27.145494919
   -0.095199777   -1.745329252 -129.258241250  -25.155931434  -25.854381545
    0.095199777   -1.745329252 -135.367659377  -38.752624268  -23.034885916
    0.285599332   -1.745329252 -143.734232355  -48.270293048  -19.485330802
    0.475998887   -1.745329252 -153.226448376  -49.968377747  -16.166702681
    0.666398442   -1.745329252 -162.050332019  -40.907499103  -13.851502541
    0.856797996   -1.745329252 -168.067739680  -20.735877239  -12.818778127
    1.047197551   -1.745329252 -169.431944230    7.088374326  -12.761008178
    1.237597106   -1.745329252 -165.292734417   35.806887340  -12.958374974
    1.427996661   -1.745329252 -156.222419898   57.669494711  -12.654333259
    1.618396215   -1.745329252 -144.128417110   66.879509899  -11.412896836
    1.808795770   -1.745329252 -131.673412752   61.505806555   -9.260297270
    1.999195325   -1.745329252 -121.489824910   43.666120022   -6.594305129
    2.189594880   -1.745329252 -115.506121022   18.351262504   -3.933401382
    2.379994435   -1.745329252 -114.562576516   -8.237029207   -1.688086648
    2.570393989   -1.745329252 -118.336431975  -30.346772380   -0.025578511
    2.760793544   -1.745329252 -125.547267920  -43.838474578    1.113228012
    2.951193099   -1.745329252 -134.342963397  -46.957667326    1.928316209

   -3.141592654   -1.396263402 -145.704750480  -40.091517537    1.735527873
   -2.951193099   -1.396263402 -152.096303180  -26.542952004    1.980562060
   -2.760793544   -1.396263402 -155.658168592  -11.133517756    2.295057487
   -2.570393989   -1.396263402 -156.477163852    1.655937701    2.466496456
   -2.379994435   -1.396263402 -155.344674365    9.148600670    2.138686040
   -2.189594880   -1.396263402 -153.329449249   11.126094613    0.937106780
   -1.999195325   -1.396263402 -151.327122576    9.476027537   -1.405514128
   -1.808795770   -1.396263402 -149.768129611    6.921572268   -4.958067986
   -1.618396215   -1.396263402 -148.595641156    5.662163496   -9.547733459
   -1.427996661   -1.396263402 -147.462186923    6.523656308  -14.769065049
   -1.237597106   -1.396263402 -146.000694760    8.881900775  -20.027402924
   -1.047197551   -1.396263402 -144.054525279   11.344763653  -24.638013571
   -0.856797996   -1.396263402 -141.753494596   12.335695500  -27.933923317
   -0.666398442   -1.396263402 -139.500269104   10.668239871  -29.397070341
   -0.475998887   -1.396263402 -137.879281138    5.620242138  -28.772020347
   -0.285599332   -1.396263402 -137.562072735   -3.005313198  -26.149118965
   -0.095199777   -1.396263402 -139.195270178  -14.695549183  -22.008214217
    0.095199777   -1.396263402 -143.230513475  -27.843935472  -17.151250975
    0.285599332   -1.396263402 -149.673996196  -39.365202760  -12.532223563
    0.475998887   -1.396263402 -157.815412723  -44.904861269   -8.998198438
    0.666398442   -1.396263402 -166.098294453  -40.253168188   -7.016834634
    0.856797996   -1.396263402 -172.346767504  -23.552420425   -6.528373825
    1.047197551   -1.396263402 -174.416677707    2.880072011   -7.009188609
    1.237597106   -1.396263402 -171.023155247   32.522752431   -7.694912632
    1.427996661   -1.396263402 -162.353360933   56.890147967   -7.898722313
    1.618396215   -1.396263402 -150.132839613   68.907337964   -7.256793106
    1.808795770   -1.396263402 -137.085937817   65.457970520   -5.801015245
    1.999195325   -1.396263402 -126.080137684   48.089394837   -3.869821515
    2.189594880   -1.396263402 -119.315277990   21.947221231   -1.912368236
    2.379994435   -1.396263402 -117.822137294   -6.108216981   -0.307965746
    2.570393989   -1.396263402 -121.328023217  -29.592526630    0.761689844
    2.760793544   -1.396263402 -128.481309595  -43.857942743    1.325272816
    2.951193099   -1.396263402 -137.295425805  -47.012248493    1.571322078

   -3.141592654   -1.047197551 -148.637411530  -41.551370113    4.473742566
   -2.951193099   -1.047197551 -155.246097358  -27.348191378    3.656956066
   -2.760793544   -1.047197551 -158.906826563  -11.434621363    2.887565119
   -2.570393989   -1.047197551 -159.779229857    1.259696594    2.032919800
   -2.379994435   -1.047197551 -158.798489767    7.795689456    0.778308669
   -2.189594880   -1.047197551 -157.200795581    7.971520507   -1.246672361
   -1.999195325   -1.047197551 -156.015198574    4.008635782   -4.313663006
   -1.808795770   -1.047197551 -155.716054858   -0.772407417   -8.448613152
   -1.618396215   -1.047197551 -156.161316982   -3.446837834  -13.342691227
   -1.427996661   -1.047197551 -156.784759078   -2.537882120  -18.370929590
   -1.237597106   -1.047197551 -156.903081720    1.647556669  -22.722656253
   -1.047197551   -1.047197551 -156.026456057    7.578311145  -25.618398721
   -0.856797996   -1.047197551 -154.023757435   13.066819579  -26.518412326
   -0.666398442   -1.047197551 -151.185189750   16.018930281  -25.254271718
   -0.475998887   -1.047197551 -148.165850972   14.740775633  -22.055871580
   -0.285599332   -1.047197551 -145.880113170    8.219741914  -17.494740979
   -0.095199777   -1.047197551 -145.342271083   -3.486173273  -12.365025663
    0.095199777   -1.047197551 -147.413348520  -18.737573771   -7.497522638
    0.285599332   -1.047197551 -152.449947241  -33.875566413   -3.556943070
    0.475998887   -1.047197551 -159.937844385  -43.519375301   -0.890210006
    0.666398442   -1.047197551 -168.302476550  -42.297342884    0.521134689
    0.856797996   -1.047197551 -175.145595810  -27.460882195    0.975683961
    1.047197551   -1.047197551 -177.984497546   -1.001549251    0.889926121
    1.237597106   -1.047197551 -175.198016331   30.210337025    0.680622306
    1.427996661   -1.047197551 -166.752469644   56.873030345    0.674479304
    1.618396215   -1.047197551 -154.324300727   70.989406860    1.069525425
    1.808795770   -1.047197551 -140.746888455   68.749925592    1.910690334
    1.999195325   -1.047197551 -129.090224019   51.437825435    3.076187867
    2.189594880   -1.047197551 -121.763891342   24.358205460    4.313523500
    2.379994435   -1.047197551 -119.947402749   -5.163179000    5.314609569
    2.570393989   -1.047197551 -123.416471334  -30.099291505    5.835104057
    2.760793544   -1.047197551 -130.771071098  -45.354563438    5.783737888
    2.951193099   -1.047197551 -139.909973135  -48.808573504    5.256532890

   -3.141592654   -0.698131701 -149.223930918  -45.264135289    6.710434351
   -2.951193099   -0.698131701 -156.508217456  -30.653001494    4.641293554
   -2.760793544   -0.698131701 -160.742990470  -14.171971010    2.627999302
   -2.570393989   -0.698131701 -162.108147950   -1.283640442    0.650360161
   -2.379994435   -0.698131701 -161.650341186    4.709266426   -1.527283781
   -2.189594880   -0.698131701 -160.753984828    3.587862697   -4.224048200
   -1.999195325   -0.698131701 -160.558409890   -2.010627036   -7.648994086
   -1.808795770   -0.698131701 -161.536681455   -8.037244641  -11.713790388
   -1.618396215   -0.698131701 -163.396551515  -10.791296099  -15.940169080
   -1.427996661   -0.698131701 -165.296580832   -8.309449324  -19.544288894
   -1.237597106   -0.698131701 -166.235559124   -0.968890839  -21.686617777
   -1.047197551   -0.698131701 -165.474161702    9.065013729  -21.783898134
   -0.856797996   -0.698131701 -162.790595539   18.638117662  -19.733015002
   -0.666398442   -0.698131701 -158.573229409   24.696800985  -15.935021272
   -0.475998887   -0.698131701 -153.733803436   24.869562006  -11.142537677
   -0.285599332   -0.698131701 -149.532357346   17.902291367   -6.226157522
   -0.095199777   -0.698131701 -147.328171788    4.102194500   -1.937059725
    0.095199777   -0.698131701 -148.235778784  -14.188141128    1.282587473
    0.285599332   -0.698131701 -152.701814253  -32.353642737    3.393254336
    0.475998887   -0.698131701 -160.122361637  -44.137362488    4.693982052
    0.666398442   -0.698131701 -168.704276565  -43.746234559    5.624149619
    0.856797996   -0.698131701 -175.806033166  -28.598177757    6.511266832
    1.047197551   -0.698131701 -178.776641625   -1.214000889    7.423273512
    1.237597106   -0.698131701 -175.933239326   30.984773325    8.244580338
    1.427996661   -0.698131701 -167.262936469   58.403841468    8.852134121
    1.618396215   -0.698131701 -154.492806141   72.999385940    9.269208372
    1.808795770   -0.698131701 -140.507908547   70.964579650    9.648623180
    1.999195325   -0.698131701 -128.437122812   53.503477806   10.121945506
    2.189594880   -0.698131701 -120.770141690   25.784330971   10.655021962
    2.379994435   -0.698131701 -118.785219231   -4.890449356   11.018114765
    2.570393989   -0.698131701 -122.341092998  -31.302726958   10.904495023
    2.760793544   -0.698131701 -130.063716180  -47.965176702   10.105163539
    2.951193099   -0.698131701 -139.796228340  -52.332022718    8.633033362

   -3.141592654   -0.349065850 -147.885588743  -50.492079345    5.495903371
   -2.951193099   -0.349065850 -156.173280166  -35.862532482    2.191999993
   -2.760793544   -0.349065850 -161.369801591  -19.037806473   -0.909543789
   -2.570393989   -0.349065850 -163.636567227   -5.944703412   -3.725074324
   -2.379994435   -0.349065850 -164.082994349   -0.216271978   -6.401459888
   -2.189594880   -0.349065850 -164.188329877   -2.058306900   -9.190745477
   -1.999195325   -0.349065850 -165.142298695   -8.382974892  -12.241916844
   -1.808795770   -0.349065850 -167.351109167  -14.399165293  -15.393186387
   -1.618396215   -0.349065850 -170.313009766  -15.725452379  -18.088064710
   -1.427996661   -0.349065850 -172.887113484  -10.199730351  -19.523263982
   -1.237597106   -0.349065850 -173.802869162    1.278615624  -18.998629870
   -1.047197551   -0.349065850 -172.209523195   15.451024307  -16.285509774
   -0.856797996   -0.349065850 -168.002076240   27.968475602  -11.807846805
   -0.666398442   -0.349065850 -161.882955859   34.973856347   -6.499831418
   -0.475998887   -0.349065850 -155.168659725   33.954316643   -1.444890247
   -0.285599332   -0.349065850 -149.486260289   24.173252321    2.508048847
   -0.095199777   -0.349065850 -146.415192577    6.920515751    5.002349131
    0.095199777   -0.349065850 -147.082258383  -14.305840244    6.235020432
    0.285599332   -0.349065850 -151.739463570  -33.955004749    6.832953752
    0.475998887   -0.349065850 -159.462222653  -45.431094960    7.556990070
    0.666398442   -0.349065850 -168.147300436  -43.399953463    8.946402620
    0.856797996   -0.349065850 -174.992013654  -26.313642922   11.049650803
    1.047197551   -0.349065850 -177.391991624    2.300888687   13.416813361
    1.237597106   -0.349065850 -173.853015257   34.579695753   15.400355533
    1.427996661   -0.349065850 -164.563579213   61.221175149   16.534857742
    1.618396215   -0.349065850 -151.351598563   74.846751203   16.781918704
    1.808795770   -0.349065850 -137.085246152   72.142104492   16.455687664
    1.999195325   -0.349065850 -124.827499615   54.324239225   15.933277939
    2.189594880   -0.349065850 -117.039803472   26.193904507   15.374260225
    2.379994435   -0.349065850 -115.049075760   -5.322747482   14.633567937
    2.570393989   -0.349065850 -118.808976329  -33.079635818   13.396647224
    2.760793544   -0.349065850 -127.017557544  -51.290816916   11.417854559
    2.951193099   -0.349065850 -137.511264574  -56.927279270    8.698443650

   -3.141592654    0.000000000 -146.372870485  -57.015658671    3.176990678
   -2.951193099    0.000000000 -155.904680844  -42.297014071   -0.262923523
   -2.760793544    0.000000000 -162.283824995  -24.972299097   -3.362514078
   -2.570393989    0.000000000 -165.626694355  -11.328156686   -6.064399277
   -2.379994435    0.000000000 -167.062845330   -5.273283420   -8.480767364
   -2.189594880    0.000000000 -168.119511460   -7.004916409  -10.785666578
   -1.999195325    0.000000000 -169.995913794  -13.043320116  -13.037778283
   -1.808795770    0.000000000 -173.006209027  -17.962061069  -15.013034104
   -1.618396215    0.000000000 -176.440796822  -16.884521137  -16.165273616
   -1.427996661    0.000000000 -178.905691937   -7.730099019  -15.818230431
   -1.237597106    0.000000000 -178.966361355    7.759970072  -13.537733274
   -1.047197551    0.000000000 -175.820307552   25.010317507   -9.463071529
   -0.856797996    0.000000000 -169.657896908   38.529855411   -4.379222484
   -0.666398442    0.000000000 -161.629718441   44.069773406    0.572763952
   -0.475998887    0.000000000 -153.483019650   39.673850154    4.374559298
   -0.285599332    0.000000000 -147.096317025   25.862261297    6.535835964
   -0.095199777    0.000000000 -144.033708031    5.378022943    7.245697557
    0.095199777    0.000000000 -145.154426922  -17.153456783    7.239099180
    0.285599332    0.000000000 -150.293097673  -35.799634454    7.475888729
    0.475998887    0.000000000 -158.121905538  -44.499952783    8.739550285
    0.666398442    0.000000000 -166.313611995  -39.209767201   11.303994091
    0.856797996    0.000000000 -172.117625473  -19.866430698   14.797561986
    1.047197551    0.000000000 -173.225268676    9.064094654   18.363624139
    1.237597106    0.000000000 -168.523788118   39.763897191   21.075488612
    1.427996661    0.000000000 -158.484585313   63.859822416   22.354616647
    1.618396215    0.000000000 -145.006144918   75.129835630   22.188183973
    1.808795770    0.000000000 -130.841694121   70.965236069   20.997853387
    1.999195325    0.000000000 -118.875831865   52.549794548   19.306135800
    2.189594880    0.000000000 -111.453556495   24.135885755   17.428077358
    2.379994435    0.000000000 -109.899499422   -7.924114407   15.373016140
    2.570393989    0.000000000 -114.244384952  -36.697643678   12.965847485
    2.760793544    0.000000000 -123.261914468  -56.183969132   10.066850619
    2.951193099    0.000000000 -134.796885324  -62.911076114    6.724699047

   -3.141592654    0.349065850 -144.453317985  -62.413222445    2.151841558
   -2.951193099    0.349065850 -154.994915288  -47.434810085   -0.328384665
   -2.760793544    0.349065850 -162.309510840  -29.628126912   -2.424226308
   -2.570393989    0.349065850 -166.493045420  -15.510911935   -4.178670346
   -2.379994435    0.349065850 -168.693608999   -9.141192084   -5.704472309
   -2.189594880    0.349065850 -170.465112881  -10.627698753   -7.111381739
   -1.999195325    0.349065850 -172.988143330  -16.114394600   -8.395469123
   -1.808795770    0.349065850 -176.470035845  -19.664507410   -9.347779540
   -1.618396215    0.349065850 -180.012766898  -16.133332100   -9.560363858
   -1.427996661    0.349065850 -182.036527229   -3.785997686   -8.606651951
   -1.237597106    0.349065850 -181.053389575   14.635800168   -6.333478649
   -1.047197551    0.349065850 -176.428930309   33.325405865   -3.071525474
   -0.856797996    0.349065850 -168.722438875   46.038692029    0.416597674
   -0.666398442    0.349065850 -159.509032956   48.741332106    3.275779597
   -0.475998887    0.349065850 -150.825741099   40.613965795    4.987792894
   -0.285599332    0.349065850 -144.575672803   23.713802949    5.632011533
   -0.095199777    0.349065850 -142.071051588    2.046053083    5.842280101
    0.095199777    0.349065850 -143.746591201  -19.258442589    6.508717663
    0.285599332    0.349065850 -149.003610865  -34.687263659    8.387306659
    0.475998887    0.349065850 -156.238606335  -39.368896775   11.771969626
    0.666398442    0.349065850 -163.116393069  -30.797585932   16.339585832
    0.856797996    0.349065850 -167.158669343  -10.200057626   21.229949058
    1.047197551    0.349065850 -166.505748031   17.482619197   25.351222140
    1.237597106    0.349065850 -160.484678609   44.972018668   27.802815668
    1.427996661    0.349065850 -149.826157431   65.176713808   28.195770973
    1.618396215    0.349065850 -136.426072704   73.195297180   26.743100742
    1.808795770    0.349065850 -122.832336925   67.160278332   24.054171663
    1.999195325    0.349065850 -111.661721045   48.179943147   20.806562768
    2.189594880    0.349065850 -105.065735805   19.879521363   17.471625823
    2.379994435    0.349065850 -104.307261594  -12.069289727   14.233592091
    2.570393989    0.349065850 -109.456618987  -41.068188290   11.082455314
    2.760793544    0.349065850 -119.350050991  -61.036581211    7.978993253
    2.951193099    0.349065850 -131.853364117  -68.194232316    4.963142573

   -3.141592654    0.698131701 -143.213091830  -66.068913573    0.645147968
   -2.951193099    0.698131701 -154.402981006  -50.577424841    0.074438400
   -2.760793544    0.698131701 -162.270589512  -32.292082721   -0.181189508
   -2.570393989    0.698131701 -166.923060873  -17.771451035   -0.332763167
   -2.379994435    0.698131701 -169.521198054  -11.048564801   -0.514239297
   -2.189594880    0.698131701 -171.620308898  -12.133547015   -0.766503285
   -1.999195325    0.698131701 -174.377053207  -17.008213175   -1.040794064
   -1.808795770    0.698131701 -177.942867839  -19.577841580   -1.222369943
   -1.618396215    0.698131701 -181.346376457  -14.707978927   -1.163737340
   -1.427996661    0.698131701 -182.965526663   -1.002103751   -0.761626533
   -1.237597106    0.698131701 -181.364723371   18.183675419   -0.051918089
   -1.047197551    0.698131701 -176.081502310   36.473809275    0.761845307
   -0.856797996    0.698131701 -167.913283457   47.564309593    1.409652226
   -0.666398442    0.698131701 -158.617098217   48.073894901    1.763957917
   -0.475998887    0.698131701 -150.234887151   38.309304008    2.015523696
   -0.285599332    0.698131701 -144.458686779   21.362999736    2.677948972
   -0.095199777    0.698131701 -142.245456787    1.655087918    4.392039655
    0.095199777    0.698131701 -143.675472973  -16.104706663    7.630251286
    0.285599332    0.698131701 -147.944866082  -27.495893779   12.439548761
    0.475998887    0.698131701 -153.484409750  -28.998981210   18.338611085
    0.666398442    0.698131701 -158.234703938  -19.215958064   24.394503049
    0.856797996    0.698131701 -160.148206728    0.170033897   29.478943017
    1.047197551    0.698131701 -157.806282337   24.579718435   32.614888465
    1.237597106    0.698131701 -150.839749182   47.736459166   33.284937886
    1.427996661    0.698131701 -140.063339715   63.783460396   31.552740296
    1.618396215    0.698131701 -127.241519791   68.755679279   27.973334514
    1.808795770    0.698131701 -114.666303626   61.143255276   23.332425775
    1.999195325    0.698131701 -104.688924330   41.825189531   18.384883847
    2.189594880    0.698131701  -99.274321388   13.890332452   13.685756461
    2.379994435    0.698131701  -99.602919179  -17.503427966    9.562775512
    2.570393989    0.698131701 -105.738747438  -46.018882209    6.171402759
    2.760793544    0.698131701 -116.536348165  -65.587377924    3.570766197
    2.951193099    0.698131701 -129.868569480  -72.331573126    1.755672950

   -3.141592654    1.047197551 -144.664870204  -66.220556851   -2.618419040
   -2.951193099    1.047197551 -155.796715974  -49.896646174   -1.329282997
   -2.760793544    1.047197551 -163.497515560  -31.288268582    0.180382948
   -2.570393989    1.047197551 -167.956897371  -16.767353815    1.552894884
   -2.379994435    1.047197551 -170.373284160  -10.134270739    2.636061210
   -2.189594880    1.047197551 -172.303372853  -11.254133835    3.442752316
   -1.999195325    1.047197551 -174.893459760  -16.141001615    4.033004276
   -1.808795770    1.047197551 -178.303428176  -18.841538482    4.391989905
   -1.618396215    1.047197551 -181.599968173  -14.378070297    4.403957321
   -1.427996661    1.047197551 -183.223048869   -1.440285907    3.921166418
   -1.237597106    1.047197551 -181.803132893   16.677418874    2.886390694
   -1.047197551    1.047197551 -176.913528162   33.870262772    1.441497181
   -0.856797996    1.047197551 -169.311893867   44.342427666   -0.027781214
   -0.666398442    1.047197551 -160.605491755   45.326166466   -0.932825910
   -0.475998887    1.047197551 -152.581841833   37.557690234   -0.615695143
   -0.285599332    1.047197551 -146.638965894   24.067347757    1.455416331
   -0.095199777    1.047197551 -143.511503626    8.595353497    5.488891238
    0.095199777    1.047197551 -143.235388964   -5.293340995   11.239043181
    0.285599332    1.047197551 -145.194632807  -14.387750952   17.990057130
    0.475998887    1.047197551 -148.207568911  -15.998628860   24.688336845
    0.666398442    1.047197551 -150.695007824   -8.827913206   30.179581018
    0.856797996    1.047197551 -151.032407912    6.124830754   33.520555521
    1.047197551    1.047197551 -148.038968684   25.475228703   34.234049200
    1.237597106    1.047197551 -141.345478435   44.152889228   32.399695590
    1.427996661    1.047197551 -131.573104343   57.079536061   28.540815072
    1.618396215    1.047197551 -120.203131921   60.441616584   23.390392713
    1.808795770    1.047197551 -109.263355556   52.436963891   17.662112847
    1.999195325    1.047197551 -100.914863454   33.509996982   11.947852586
    2.189594880    1.047197551  -97.007017763    6.435127443    6.714182312
    2.379994435    1.047197551  -98.646737490  -23.771387213    2.345729374
    2.570393989    1.047197551 -105.840267493  -50.816749425   -0.855046797
    2.760793544    1.047197551 -117.395775671  -68.723335762   -2.706085885
    2.951193099    1.047197551 -131.168153544  -73.825083992   -3.215933775

   -3.141592654    1.396263402 -150.044762703  -63.820613710   -7.243758127
   -2.951193099    1.396263402 -160.553496380  -45.902024976   -5.147768878
   -2.760793544    1.396263402 -167.416217182  -26.621775968   -2.977271624
   -2.570393989    1.396263402 -170.982603248  -12.135651616   -1.031899763
   -2.379994435    1.396263402 -172.554190825   -5.929382251    0.664761805
   -2.189594880    1.396263402 -173.742002484   -7.696860088    2.242044897
   -1.999195325    1.396263402 -175.740364397  -13.559347960    3.770100402
   -1.808795770    1.396263402 -178.793647227  -17.787693699    5.090094204
   -1.618396215    1.396263402 -182.083530769  -15.455821806    5.837781537
   -1.427996661    1.396263402 -184.137546770   -4.886527324    5.655592729
   -1.237597106    1.396263402 -183.563266270   11.388927278    4.472241697
   -1.047197551    1.396263402 -179.750078591   28.136833642    2.675978403
   -0.856797996    1.396263402 -173.125958660   40.152289309    1.061718588
   -0.666398442    1.396263402 -164.908649445   44.670851149    0.577130437
   -0.475998887    1.396263402 -156.558893956   41.773959339    1.979223014
   -0.285599332    1.396263402 -149.322633959   33.359160776    5.553841727
   -0.095199777    1.396263402 -144.019039025   21.878559936   10.997442664
    0.095199777    1.396263402 -140.999147426    9.812244659   17.467368189
    0.285599332    1.396263402 -140.125278293   -0.200202440   23.780331985
    0.475998887    1.396263402 -140.737500865   -5.352143682   28.715605629
    0.666398442    1.396263402 -141.686658433   -3.503599846   31.328485405
    0.856797996    1.396263402 -141.565189491    5.672602890   31.216794061
    1.047197551    1.396263402 -139.146867931   20.126953696   28.599675432
    1.237597106    1.396263402 -133.805321251   35.605255332   24.160106288
    1.427996661    1.396263402 -125.822572471   47.076763390   18.740381414
    1.618396215    1.396263402 -116.394431227   50.172724608   13.042854949
    1.808795770    1.396263402 -107.387456918   42.440556189    7.501777353
    1.999195325    1.396263402 -100.899779388   23.980691248    2.362574778
    2.189594880    1.396263402  -98.742323058   -2.352149974   -2.162844764
    2.379994435    1.396263402 -101.943497169  -31.267243122   -5.789186091
    2.570393989    1.396263402 -110.383755558  -56.286080848   -8.201157450
    2.760793544    1.396263402 -122.737986804  -71.555892384   -9.182113541
    2.951193099    1.396263402 -136.782675004  -73.845524420   -8.758379649

   -3.141592654    1.745329252 -156.252893337  -59.602951261  -14.042751998
   -2.951193099    1.745329252 -165.846026859  -40.691014770  -12.283005538
   -2.760793544    1.745329252 -171.703806633  -21.420189168  -10.287894514
   -2.570393989    1.745329252 -174.330374859   -7.515392174   -8.177691577
   -2.379994435    1.745329252 -175.089537905   -2.008675544   -5.863032927
   -2.189594880    1.745329252 -175.592540779   -4.426141719   -3.200849233
   -1.999195325    1.745329252 -177.040354667  -11.113860220   -0.216509522
   -1.808795770    1.745329252 -179.745544156  -16.695040287    2.753309316
   -1.618396215    1.745329252 -183.004768754  -16.315303153    5.141085386
   -1.427996661    1.745329252 -185.422234090   -7.807683330    6.441146035
   -1.237597106    1.745329252 -185.540401706    7.248565514    6.552651276
   -1.047197551    1.745329252 -182.495290195   24.547187709    5.950482462
   -0.856797996    1.745329252 -176.330486012   39.257237005    5.541608785
   -0.666398442    1.745329252 -167.887177010   48.134201912    6.273633087
   -0.475998887    1.745329252 -158.413402542   50.070509497    8.697037231
   -0.285599332    1.745329252 -149.203568911   45.511551382   12.701433533
   -0.095199777    1.745329252 -141.387448154   35.673355144   17.539908761
    0.095199777    1.745329252 -135.808406565   22.410622113   22.069875330
    0.285599332    1.745329252 -132.867428843    8.528475136   25.115247396
    0.475998887    1.745329252 -132.336289460   -2.253337378   25.830706472
    0.666398442    1.745329252 -133.269998855   -6.354728036   23.948289365
    0.856797996    1.745329252 -134.177824326   -1.980125234   19.855940528
    1.047197551    1.745329252 -133.510873362    9.764446289   14.439093544
    1.237597106    1.745329252 -130.223994029   24.695476289    8.719426780
    1.427996661    1.745329252 -124.248528548   37.039361064    3.480915331
    1.618396215    1.745329252 -116.609493847   41.391950818   -0.950639731
    1.808795770    1.745329252 -109.177502417   34.591964381   -4.660415108
    1.999195325    1.745329252 -104.128966036   16.673457855   -7.888759197
    2.189594880    1.745329252 -103.311336791   -9.046909718  -10.767837212
    2.379994435    1.745329252 -107.683969604  -36.728027301  -13.190208312
    2.570393989    1.745329252 -116.977754863  -59.636141274  -14.886145874
    2.760793544    1.745329252 -129.716051893  -72.161170654  -15.598331398
    2.951193099    1.745329252 -143.610464802  -71.699724006  -15.258778266

   -3.141592654    2.094395102 -162.630063715  -57.324317694  -17.634386184
   -2.951193099    2.094395102 -171.740397044  -37.979208697  -16.269679624
   -2.760793544    2.094395102 -177.062929054  -18.533313818  -14.533783208
   -2.570393989    2.094395102 -179.115737975   -4.332457111  -12.432151800
   -2.379994435    2.094395102 -179.213416606    1.808144755   -9.845829521
   -2.189594880    2.094395102 -178.910598872    0.211283493   -6.665586691
   -1.999195325    2.094395102 -179.416916303   -5.971920658   -2.958155137
   -1.808795770    2.094395102 -181.157665975  -11.883644945    0.945882287
   -1.618396215    2.094395102 -183.609014040  -12.785229292    4.534690988
   -1.427996661    2.094395102 -185.516877705   -5.994085088    7.361899057
   -1.237597106    2.094395102 -185.417688804    7.882825388    9.320114689
   -1.047197551    2.094395102 -182.255566796   25.414626341   10.754869902
   -0.856797996    2.094395102 -175.770315943   41.998747056   12.295273090
   -0.666398442    2.094395102 -166.538853925   53.744351401   14.481681210
   -0.475998887    2.094395102 -155.732411433   58.292578882   17.397528228
   -0.285599332    2.094395102 -144.821316082   54.811681661   20.527881229
   -0.095199777    2.094395102 -135.313604038   43.724486558   22.931305841
    0.095199777    2.094395102 -128.508643886   26.887742196   23.594196727
    0.285599332    2.094395102 -125.187621118    7.884139551   21.829640736
    0.475998887    2.094395102 -125.298867460   -8.277592041   17.563558058
    0.666398442    2.094395102 -127.811842503  -16.618252999   11.393839830
    0.856797996    2.094395102 -130.912387841  -14.327677736    4.424276495
    1.047197551    2.094395102 -132.602581820   -2.272356149   -2.098769334
    1.237597106    2.094395102 -131.426593000   14.767535098   -7.236116141
    1.427996661    2.094395102 -127.077696079   29.883007994  -10.641461526
    1.618396215    2.094395102 -120.564835731   36.575198782  -12.592339815
    1.808795770    2.094395102 -113.905257420   31.126870150  -13.736222114
    1.999195325    2.094395102 -109.460683898   13.696891224  -14.709266108
    2.189594880    2.094395102 -109.193297445  -11.830687803  -15.846374188
    2.379994435    2.094395102 -114.060939699  -39.050332567  -17.093914883
    2.570393989    2.094395102 -123.712563248  -60.971522314  -18.147414785
    2.760793544    2.094395102 -136.580041997  -72.137788439  -18.671081805
    2.951193099    2.094395102 -150.340781411  -70.350262906  -18.489115345

   -3.141592654    2.443460953 -168.837830907  -56.417153142  -12.426698637
   -2.951193099    2.443460953 -177.725038733  -36.540213239  -11.038532999
   -2.760793544    2.443460953 -182.707509565  -16.367894345   -9.490792408
   -2.570393989    2.443460953 -184.251882710   -1.108675671   -7.711563930
   -2.379994435    2.443460953 -183.610291260    6.372013989   -5.520521644
   -2.189594880    2.443460953 -182.305924737    6.128581881   -2.738314284
   -1.999195325    2.443460953 -181.583892311    0.905922715    0.693545270
   -1.808795770    2.443460953 -181.979388736   -4.776450609    4.643420207
   -1.618396215    2.443460953 -183.118649138   -6.227729169    8.810470892
   -1.427996661    2.443460953 -183.867593595   -0.406072178   12.850752397
   -1.237597106    2.443460953 -182.784397059   12.715540355   16.533957040
   -1.047197551    2.443460953 -178.717934155   30.215575262   19.823898397
   -0.856797996    2.443460953 -171.262192654   47.470373067   22.785885295
   -0.666398442    2.443460953 -160.915546944   59.906315369   25.374911056
   -0.475998887    2.443460953 -148.941241269   64.133953552   27.248286223
   -0.285599332    2.443460953 -137.088509925   58.517301367   27.771695868
   -0.095199777    2.443460953 -127.236057817   43.350338370   26.260027432
    0.095199777    2.443460953 -120.996185615   21.219749531   22.302665451
    0.285599332    2.443460953 -119.259868344   -2.944392140   16.028934719
    0.475998887    2.443460953 -121.808344652  -22.679640806    8.182361457
    0.666398442    2.443460953 -127.202051171  -31.996290023   -0.049005407
    0.856797996    2.443460953 -133.102658396  -27.922717610   -7.368820232
    1.047197551    2.443460953 -137.044494659  -12.095272500  -12.762282693
    1.237597106    2.443460953 -137.315534625    9.378770848  -15.820433634
    1.427996661    2.443460953 -133.616731672   28.237984259  -16.800150904
    1.618396215    2.443460953 -127.178563794   37.158415135  -16.444372340
    1.808795770    2.443460953 -120.326345017   32.343353394  -15.621203343
    1.999195325    2.443460953 -115.681930399   14.476064947  -14.973009876
    2.189594880    2.443460953 -115.340505146  -11.809008550  -14.735586206
    2.379994435    2.443460953 -120.260032495  -39.526669094  -14.766587713
    2.570393989    2.443460953 -130.012169376  -61.458857768  -14.744065641
    2.760793544    2.443460953 -142.941308673  -72.252041677  -14.385396923
    2.951193099    2.443460953 -156.674935631  -69.947724717  -13.588842867

   -3.141592654    2.792526803 -172.136574001  -55.335118609    2.687035376
   -2.951193099    2.792526803 -180.804761118  -35.309492587    4.582116556
   -2.760793544    2.792526803 -185.519306627  -14.743186780    6.074442927
   -2.570393989    2.792526803 -186.687731049    1.267779409    7.295744571
   -2.379994435    2.792526803 -185.492864925    9.850987675    8.526553745
   -2.189594880    2.792526803 -183.400588645   10.940703679   10.102680210
   -1.999195325    2.792526803 -181.630007512    7.091429856   12.320433025
   -1.808795770    2.792526803 -180.729003496    2.605958165   15.346750578
   -1.618396215    2.792526803 -180.375783827    1.996231275   19.129615166
   -1.427996661    2.792526803 -179.513642960    8.216944681   23.372814342
   -1.237597106    2.792526803 -176.785751916   21.296089460   27.594246087
   -1.047197551    2.792526803 -171.126773832   38.268843610   31.244411816
   -0.856797996    2.792526803 -162.241767403   54.282413728   33.788123324
   -0.666398442    2.792526803 -150.802299530   64.350517310   34.726206546
   -0.475998887    2.792526803 -138.321171551   64.752495265   33.598179293
   -0.285599332    2.792526803 -126.824807640   53.973991446   30.068886136
   -0.095199777    2.792526803 -118.383905476   33.066932951   24.112320913
    0.095199777    2.792526803 -114.603366653    5.908223527   16.169455036
    0.285599332    2.792526803 -116.105040084  -21.198076606    7.177158674
    0.475998887    2.792526803 -122.175276659  -40.888022624   -1.595174547
    0.666398442    2.792526803 -130.787063503  -47.135053601   -8.876627778
    0.856797996    2.792526803 -139.099344361  -37.860870623  -13.758280566
    1.047197551    2.792526803 -144.377711394  -16.222970541  -15.940704884
    1.237597106    2.792526803 -144.944291451   10.152793182  -15.797343217
    1.427996661    2.792526803 -140.778879585   32.018495920  -14.158627913
    1.618396215    2.792526803 -133.501273862   41.896197003  -11.965820839
    1.808795770    2.792526803 -125.784071445   36.528142198   -9.918961414
    1.999195325    2.792526803 -120.456475862   17.444534969   -8.290679954
    2.189594880    2.792526803 -119.665410195   -9.980601584   -6.957355392
    2.379994435    2.792526803 -124.311671995  -38.388499470   -5.591589946
    2.570393989    2.792526803 -133.875267239  -60.550086689   -3.908695151
    2.760793544    2.792526803 -146.629948200  -71.313492175   -1.834413266
    2.951193099    2.792526803 -160.175707397  -68.929212640    0.462839375
