#! FIELDS phi metad.bias der_phi
#! SET min_phi -pi
#! SET max_phi pi
#! SET nbins_phi  100
#! SET periodic_phi true
   -3.141592654  159.520043040   46.629345531
   -3.078760801  162.281863903   41.258277841
   -3.015928947  164.692641754   35.552857245
   -2.953097094  166.738228821   29.663085545
   -2.890265241  168.411321686   23.806836220
   -2.827433388  169.727906008   18.141761500
   -2.764601535  170.700747676   12.822539976
   -2.701769682  171.347922436    7.944335711
   -2.638937829  171.707996899    3.641866350
   -2.576105976  171.820554507    0.003678680
   -2.513274123  171.729392425   -2.890916075
   -2.450442270  171.478939887   -5.026240246
   -2.387610417  171.123080091   -6.348910145
   -2.324778564  170.711142101   -6.848008973
   -2.261946711  170.290306239   -6.619473437
   -2.199114858  169.907844230   -5.712088858
   -2.136283004  169.601017976   -4.231752010
   -2.073451151  169.400231426   -2.340335458
   -2.010619298  169.322854186   -0.196068785
   -1.947787445  169.383146287    2.019229168
   -1.884955592  169.580220154    4.123643823
   -1.822123739  169.899662861    5.901889427
   -1.759291886  170.317767444    7.184792373
   -1.696460033  170.791454903    7.795855122
   -1.633628180  171.278918246    7.638453643
   -1.570796327  171.728367012    6.631407225
   -1.507964474  172.089826394    4.761311851
   -1.445132621  172.304735613    2.063338360
   -1.382300768  172.325238320   -1.387654351
   -1.319468915  172.114584586   -5.438282738
   -1.256637061  171.629822882   -9.949006835
   -1.193805208  170.851746102  -14.697524731
   -1.130973355  169.769567485  -19.473984917
   -1.068141502  168.396276093  -24.142368579
   -1.005309649  166.746129847  -28.412333237
   -0.942477796  164.842298673  -32.150860322
   -0.879645943  162.731744483  -35.202238390
   -0.816814090  160.448906525  -37.369334201
   -0.753982237  158.053026509  -38.778225903
   -0.691150384  155.606580687  -39.227793283
   -0.628318531  153.157368436  -38.741599711
   -0.565486678  150.761816140  -37.404819594
   -0.502654825  148.476088926  -35.210540571
   -0.439822972  146.351317126  -32.249707011
   -0.376991118  144.434661693  -28.594185989
   -0.314159265  142.767051306  -24.309901274
   -0.251327412  141.386725319  -19.503152269
   -0.188495559  140.319846083  -14.254332479
   -0.125663706  139.593006584   -8.680661688
   -0.062831853  139.226061317   -2.875104464
    0.000000000  139.226339583    3.059989150
    0.062831853  139.599989488    9.041195600
    0.125663706  140.347468074   14.891822321
    0.188495559  141.452844208   20.510638749
    0.251327412  142.903405895   25.725115308
    0.314159265  144.657659048   30.429903060
    0.376991118  146.690343846   34.406912578
    0.439822972  148.949338443   37.513100283
    0.502654825  151.369354751   39.619061285
    0.565486678  153.881440692   40.540755740
    0.628318531  156.411407103   40.125428466
    0.691150384  158.874329432   38.280383794
    0.753982237  161.175451289   34.974934600
    0.816814090  163.222610664   30.212720376
    0.879645943  164.929221833   23.992331283
    0.942477796  166.207254491   16.470083544
    1.005309649  166.978002351    7.839322880
    1.068141502  167.177379419   -1.616207175
    1.130973355  166.759601502  -11.656530872
    1.193805208  165.711005324  -21.909511471
    1.256637061  164.028132394  -31.965908793
    1.319468915  161.716419976  -41.494457355
    1.382300768  158.833129379  -50.118975391
    1.445132621  155.450070693  -57.466835239
    1.507964474  151.648724193  -63.250700364
    1.570796327  147.549997319  -67.121680261
    1.633628180  143.265367381  -69.037863542
    1.696460033  138.926457637  -68.813518373
    1.759291886  134.670793785  -66.439473792
    1.822123739  130.633289961  -61.998957778
    1.884955592  126.936123146  -55.641538372
    1.947787445  123.691697807  -47.570902757
    2.010619298  120.997316274  -38.097695486
    2.073451151  118.932026290  -27.548633014
    2.136283004  117.554100116  -16.295260513
    2.199114858  116.898710070   -4.734985778
    2.261946711  116.966171499    6.742953163
    2.324778564  117.742056748   17.792238092
    2.387610417  119.188060316   28.073085160
    2.450442270  121.249053840   37.320735948
    2.513274123  123.851540066   45.280273898
    2.576105976  126.907367190   51.818068211
    2.638937829  130.323018440   56.772083965
    2.701769682  134.008910014   60.176951950
    2.764601535  137.855573256   61.975842436
    2.827433388  141.767633769   62.312778133
    2.890265241  145.655254938   61.270491573
    2.953097094  149.448737732   59.041016217
    3.015928947  153.057033154   55.745807538
    3.078760801  156.427646962   51.556729993
