   0.0273349078
   0.0285183676
   0.0215036872
   0.0309771421
   0.0090126973
   0.0087685306
   0.0113726165
   0.0096051672
   0.0247052572
   0.0139812533
   0.0288443430
   0.0184934611
   0.0114334316
  -0.0091843243
  -0.0214136210
  -0.0172954859
  -0.0332652862
  -0.0203020119
  -0.0322793411
  -0.0330143785
  -0.0047076866
  -0.0347242911
  -0.0183948773
  -0.0097164240
  -0.0256638802
  -0.0167009695
  -0.0126555614
   0.0041977065
   0.0055024251
   0.0188805078
   0.0027397608
   0.0097806737
  -0.0022319359
   0.0018939341
   0.0023946982
   0.0166435841
   0.0054706651
   0.0076446013
   0.0090809193
   0.0014495761
   0.0053179394
  -0.0014718007
  -0.0046609143
   0.0148575358
   0.0048475074
  -0.0024798142
   0.0074809665
  -0.0250896935
  -0.0290099738
  -0.0401752171
  -0.0339652807
  -0.0423473580
  -0.0465457495
  -0.0387335735
  -0.0414530179
  -0.0473491346
  -0.0462111050
  -0.0406151429
  -0.0457232113
  -0.0401097904
  -0.0229659868
  -0.0376234728
  -0.0325161583
  -0.0205709394
   0.0012241543
  -0.0005951284
   0.0132146941
   0.0008857285
   0.0032790700
   0.0197035550
   0.0037284926
   0.0056506678
   0.0165780705
  -0.0035314305
   0.0196861664
  -0.0007172573
   0.0095735026
  -0.0291402573
  -0.0378756509
  -0.0465871433
  -0.0368447340
  -0.0513776572
  -0.0537449624
  -0.0496260832
  -0.0448549873
  -0.0541955235
  -0.0553009990
  -0.0528318737
  -0.0399746382
  -0.0497711026
  -0.0525902856
  -0.0477120382
  -0.0345868536
  -0.0433967175
  -0.0304491880
  -0.0222173919
   0.0040263907
   0.0032652854
   0.0134256090
   0.0029450348
   0.0026492568
   0.0047247126
   0.0096171065
   0.0003670462
   0.0094643586
   0.0119608750
   0.0029814147
   0.0035206597
  -0.0022168735
  -0.0017353694
   0.0041915244
   0.0056129280
   0.0035828300
  -0.0378044200
   0.0028668644
  -0.0009017306
  -0.0029602463
   0.0296242873
   0.0353351665
   0.0315790562
   0.0303213262
   0.0496569824
   0.0366855238
   0.0320621272
   0.0300939306
   0.0375173068
   0.0307095128
   0.0375893577
   0.0222114129
   0.0028636061
   0.0274078362
   0.0205684847
   0.0096326465
  -0.0082839128
  -0.0026523130
   0.0233085383
   0.0175533004
   0.0120248117
   0.0179932006
   0.0246610761
   0.0200832052
   0.0183631533
   0.0222487231
   0.0150801185
   0.0072973958
   0.0165004482
   0.0226896946
   0.0258189260
   0.0198243056
   0.0069564452
  -0.0188769777
   0.0050108513
   0.0365473982
   0.0255946026
   0.0440322563
   0.0252040410
   0.0360205863
   0.0441867801
   0.0260264183
   0.0365762753
   0.0371494970
   0.0272773106
  -0.0097338943
   0.0021774070
   0.0103028873
   0.0048204126
  -0.0170430932
   0.0101932901
   0.0046869347
  -0.0190670157
   0.0012778800
   0.0056885545
   0.0055505017
   0.0024401070
  -0.0032550067
   0.0063518955
   0.0070998979
  -0.0148843348
   0.0022304168
   0.0083146591
   0.0081564246
  -0.0238097874
   0.0009634607
  -0.0248085068
  -0.0003496253
  -0.0259001282
  -0.0096744970
   0.0033994871
   0.0085995044
   0.0052320901
   0.0041500861
   0.0010705259
   0.0073398107
   0.0067009531
   0.0065093166
   0.0026681174
   0.0008669757
   0.0022264600
   0.0026498230
  -0.0041472867
   0.0009130427
   0.0031188218
   0.0033563540
  -0.0027093899
  -0.0187339391
  -0.0066476265
  -0.0378386432
   0.0043599053
  -0.0055915537
  -0.0330144271
   0.0022333361
   0.0034124395
  -0.0019493334
  -0.0188120837
   0.0009371708
   0.0018161549
   0.0026271156
  -0.0050469658
   0.0014896561
   0.0023006650
  -0.0211015119
  -0.0041571926
  -0.0228951791
  -0.0013823035
   0.0043586980
  -0.0265717888
  -0.0023856598
   0.0036613230
  -0.0068285712
   0.0224112726
   0.0246992159
   0.0320849994
   0.0233187523
   0.0177061671
   0.0238073781
   0.0252546059
   0.0086446306
   0.0075278355
   0.0108880890
   0.0074606564
   0.0188560869
   0.0102421434
   0.0334357486
   0.0141233348
   0.0220128476
   0.0134824515
   0.0090705917
  -0.0053914923
  -0.0132500345
  -0.0103121188
  -0.0210189055
  -0.0129030065
  -0.0233623021
  -0.0192895281
   0.0025360480
  -0.0240210687
  -0.0189624723
  -0.0151281191
  -0.0222776542
  -0.0114102349
  -0.0073067931
  -0.0162358019
  -0.0100523753
  -0.0075505971
   0.0026699284
   0.0028806691
   0.0107733500
   0.0006674312
   0.0056719685
  -0.0034319422
   0.0006649314
   0.0027903340
   0.0096233836
   0.0037431904
   0.0054841373
   0.0053877485
   0.0024503260
   0.0015859721
  -0.0019162095
  -0.0056830799
   0.0084750744
   0.0030230802
  -0.0034372655
   0.0035993420
  -0.0179495689
  -0.0196841862
  -0.0289558831
  -0.0245122565
  -0.0305491720
  -0.0349016126
  -0.0287057404
  -0.0287749221
  -0.0360923553
  -0.0363243117
  -0.0277170910
  -0.0356036576
  -0.0362430517
  -0.0279412482
  -0.0338270020
  -0.0295693297
  -0.0137073422
  -0.0262536801
  -0.0230379052
  -0.0140686127
   0.0009847362
  -0.0025905629
   0.0078059771
  -0.0011336181
   0.0005965939
   0.0110439511
   0.0030737961
   0.0012864112
   0.0093509938
  -0.0045488140
  -0.0022788160
  -0.0126997148
   0.0045789070
  -0.0215191052
  -0.0273006105
  -0.0347130819
  -0.0267990355
  -0.0385915776
  -0.0416479802
  -0.0371042013
  -0.0403624416
  -0.0442098409
  -0.0435754904
  -0.0378049495
  -0.0396078997
  -0.0437426218
  -0.0430670642
  -0.0368885603
  -0.0369613384
  -0.0400825226
  -0.0343638011
  -0.0246580772
  -0.0315355370
  -0.0208937840
  -0.0160678439
   0.0032923551
   0.0016505818
   0.0076697653
  -0.0002162226
   0.0024027350
   0.0024153985
   0.0072962222
   0.0080999215
   0.0074233894
   0.0085655329
   0.0063220743
   0.0002990714
   0.0015822736
  -0.0033244258
   0.0010332700
   0.0026736064
   0.0018954520
   0.0021745390
  -0.0036746231
   0.0256959942
   0.0288701215
   0.0267057318
   0.0257060917
   0.0376394083
   0.0302758303
   0.0274706321
   0.0258066727
   0.0381707984
   0.0309711673
   0.0273011774
   0.0255847121
   0.0399486197
   0.0313245085
   0.0264854702
   0.0306300854
   0.0198479339
   0.0105883805
  -0.0047156630
   0.0224641378
   0.0174615264
   0.0101343504
  -0.0007085886
  -0.0057649938
   0.0193817692
   0.0150884980
   0.0100434635
   0.0118760203
   0.0170080436
   0.0208527253
   0.0162852002
   0.0143570547
   0.0179842442
   0.0129627176
   0.0059803266
   0.0091811045
   0.0152292461
   0.0189531816
   0.0210346334
   0.0163789334
   0.0077039722
  -0.0077225079
   0.0196822855
   0.0105161881
  -0.0068080987
   0.0296196894
   0.0220912503
   0.0363653049
   0.0214493038
   0.0296243934
   0.0392170595
   0.0156673926
   0.0260020846
   0.0325104006
   0.0365103959
   0.0083606178
   0.0224791581
   0.0302876548
   0.0301178626
   0.0234504848
  -0.0012072447
   0.0059421395
  -0.0000559137
   0.0079226552
   0.0043544672
  -0.0055507400
   0.0057624145
  -0.0006667869
   0.0041389124
  -0.0029398062
   0.0029522803
   0.0035237155
   0.0016934468
  -0.0046162652
  -0.0001050029
   0.0045416009
   0.0043972981
  -0.0207926071
  -0.0051138403
   0.0030942910
   0.0058548528
   0.0049101355
  -0.0099096380
   0.0014029321
   0.0065008386
  -0.0300983490
  -0.0087519412
   0.0014567257
   0.0067463915
  -0.0126975078
  -0.0023562226
   0.0039270520
   0.0061586444
   0.0032413729
   0.0028253620
  -0.0006500367
   0.0021666010
   0.0050959430
   0.0041241938
   0.0039010872
   0.0002911249
  -0.0004857188
   0.0000150981
   0.0009585866
  -0.0022969393
  -0.0046796578
  -0.0001543132
  -0.0001089926
   0.0014066743
  -0.0009654271
  -0.0083718313
  -0.0203890381
   0.0016627048
  -0.0040140156
  -0.0164692141
   0.0012907439
  -0.0033931284
  -0.0148994457
  -0.0007268829
   0.0012651064
  -0.0006830558
  -0.0082176097
  -0.0224014141
  -0.0004990796
  -0.0003604580
   0.0008234703
  -0.0025720047
  -0.0052123336
   0.0003766644
   0.0000871611
  -0.0168181285
  -0.0076013575
  -0.0239090844
  -0.0059923888
   0.0003953450
  -0.0120105039
  -0.0016978635
   0.0022019301
  -0.0077385553
  -0.0005363468
  -0.0105982377
   0.0187865749
   0.0208999855
   0.0250755409
   0.0233419152
   0.0194545605
   0.0205732836
   0.0157593296
   0.0074072318
  -0.0112470267
   0.0201485304
   0.0223788560
   0.0212378914
   0.0080046450
   0.0069405822
   0.0100779936
   0.0064378426
   0.0151921139
   0.0083156012
   0.0257328158
   0.0101755479
   0.0209338543
   0.0066405881
   0.0287866188
   0.0176500137
   0.0107583920
   0.0078338936
  -0.0028590544
  -0.0081889130
  -0.0058291220
  -0.0078510539
  -0.0133956855
  -0.0078682732
  -0.0153277943
  -0.0125809496
  -0.0165451563
  -0.0073484222
  -0.0161230474
  -0.0121555099
  -0.0105992259
  -0.0143957440
  -0.0067545752
  -0.0050232198
  -0.0102697930
  -0.0056553581
  -0.0041767979
   0.0021154443
   0.0025406671
   0.0067369547
   0.0002572737
   0.0037839776
  -0.0029291917
   0.0005259491
   0.0029013139
   0.0061278313
   0.0035754587
   0.0047524859
   0.0038056326
   0.0030620372
   0.0000020606
  -0.0016118636
  -0.0053318725
   0.0025825864
  -0.0076883680
  -0.0033241228
   0.0019290791
  -0.0131180453
  -0.0132470071
  -0.0220150034
  -0.0185353850
  -0.0217578198
  -0.0271549824
  -0.0244428765
  -0.0193156588
  -0.0275831761
  -0.0290973158
  -0.0180798040
  -0.0270123494
  -0.0289187214
  -0.0236687613
  -0.0187198244
  -0.0259117420
  -0.0245793719
  -0.0194392427
  -0.0173435681
  -0.0097256476
   0.0003567362
   0.0047165340
  -0.0006412137
   0.0067455213
   0.0020992476
  -0.0007486245
   0.0054182431
  -0.0045833775
  -0.0027813837
  -0.0091741510
   0.0020308121
  -0.0163749482
  -0.0206348114
  -0.0274424605
  -0.0203139603
  -0.0267288431
  -0.0332817649
  -0.0326618617
  -0.0247656317
  -0.0286187933
  -0.0350442639
  -0.0362454238
  -0.0336780800
  -0.0345731897
  -0.0358027894
  -0.0330353499
  -0.0253625762
  -0.0319326518
  -0.0308736437
  -0.0187266909
  -0.0246507689
  -0.0120233875
   0.0023154970
   0.0011031479
   0.0048141110
  -0.0009453155
   0.0018605673
   0.0014971114
   0.0007504303
  -0.0056584038
   0.0054167553
  -0.0130272588
  -0.0008190268
   0.0042771309
   0.0059832964
   0.0053453001
   0.0057184027
   0.0040821570
  -0.0004611655
   0.0007745666
  -0.0034286846
  -0.0004924885
   0.0005254310
   0.0003124640
   0.0008490817
  -0.0005725357
  -0.0061093986
  -0.0204365119
   0.0000250309
  -0.0037446072
   0.0228650521
   0.0256367091
   0.0234880923
   0.0320387771
   0.0263534863
   0.0240476642
   0.0225683061
   0.0326628789
   0.0269323104
   0.0239703338
   0.0224742681
   0.0338737268
   0.0272150886
   0.0234772127
   0.0272159361
   0.0096773451
  -0.0028927477
   0.0201745695
   0.0153234804
   0.0089467613
  -0.0004066030
  -0.0093168798
   0.0169118060
   0.0122586009
   0.0072205023
   0.0092529638
   0.0146069605
   0.0187266146
   0.0136475967
   0.0116207840
   0.0153494692
   0.0100926243
   0.0031439905
   0.0065588011
   0.0127257796
   0.0166078886
   0.0186451497
   0.0142263888
   0.0069599704
  -0.0057527665
   0.0097020333
  -0.0041400941
   0.0256937403
   0.0183670770
   0.0319729712
   0.0078316437
   0.0191604902
   0.0258523848
   0.0346135184
   0.0145843866
   0.0226991250
   0.0282953515
   0.0320213594
   0.0094294123
   0.0199732718
   0.0263516742
   0.0260814890
   0.0195562378
  -0.0019787435
   0.0033511290
  -0.0031302630
   0.0052494113
   0.0013384703
  -0.0090927451
   0.0030845749
  -0.0039985994
  -0.0037400398
   0.0012971433
   0.0022154750
   0.0004481784
  -0.0062279478
  -0.0019296537
   0.0027356411
   0.0029208416
  -0.0129133069
  -0.0022885117
   0.0028381706
   0.0043481274
  -0.0205064401
  -0.0049426334
   0.0022804820
  -0.0179591865
  -0.0045843612
   0.0022878705
  -0.0176837742
  -0.0084304914
  -0.0007166766
   0.0034022563
   0.0047097441
   0.0018998714
   0.0015753066
  -0.0022736214
   0.0003176857
   0.0033723961
   0.0027498755
   0.0023047281
  -0.0010781262
  -0.0015364843
  -0.0011699196
  -0.0005299686
  -0.0038084197
  -0.0059361389
  -0.0011277714
   0.0000845482
  -0.0010108769
  -0.0056674836
  -0.0147466036
  -0.0024702308
  -0.0104196953
  -0.0273367774
   0.0005986408
  -0.0023040017
  -0.0094158969
  -0.0255200119
  -0.0001979148
  -0.0009158519
  -0.0054027251
  -0.0151844838
  -0.0014741408
  -0.0015009001
  -0.0006402430
  -0.0040325271
  -0.0063334418
  -0.0003239140
  -0.0011595490
  -0.0080522654
  -0.0089765600
  -0.0019983914
  -0.0153891968
  -0.0045412912
  -0.0001544349
  -0.0108705944
  -0.0028873515
  -0.0107725391
   0.0158494480
   0.0202718193
   0.0196361016
   0.0196865963
   0.0167261993
   0.0176662905
   0.0135330784
   0.0066565182
  -0.0076048117
   0.0180428055
   0.0140012350
   0.0175576986
   0.0192060852
   0.0244203374
   0.0180642133
   0.0072123289
   0.0101168242
   0.0063715008
   0.0091220270
   0.0057869505
   0.0126064485
   0.0071305287
   0.0205493972
   0.0080634313
   0.0164160702
   0.0077236428
   0.0229185090
   0.0106057568
   0.0145683636
   0.0057886893
   0.0090377387
   0.0069999972
  -0.0012361011
  -0.0050192474
  -0.0030111615
  -0.0052647893
  -0.0085689175
  -0.0045294097
  -0.0105875793
  -0.0065722912
  -0.0100192865
  -0.0105052228
  -0.0020857767
  -0.0103700419
  -0.0104611973
  -0.0015001317
  -0.0110318538
  -0.0058667722
  -0.0073282439
  -0.0093230155
  -0.0036760812
  -0.0032826466
  -0.0064484443
  -0.0028236438
  -0.0020031210
   0.0017980797
   0.0025920179
   0.0002349792
   0.0026985685
   0.0006534926
   0.0027157653
   0.0040418574
   0.0035513472
   0.0043382539
   0.0028813300
   0.0032530364
  -0.0006824843
  -0.0012145673
  -0.0047078947
   0.0024791260
  -0.0050833336
  -0.0029410252
   0.0011722602
  -0.0098138981
  -0.0093537017
  -0.0163201640
  -0.0140962828
  -0.0151135921
  -0.0203953163
  -0.0200093944
  -0.0125389509
  -0.0207438569
  -0.0230729533
  -0.0201871078
  -0.0195316302
  -0.0232754162
  -0.0228411438
  -0.0196107451
  -0.0225921235
  -0.0205971797
  -0.0114349031
  -0.0187232234
  -0.0194654229
  -0.0151370730
  -0.0137764843
  -0.0128138977
  -0.0068054811
  -0.0003167459
   0.0027448640
  -0.0013310532
   0.0043137202
   0.0011743976
  -0.0017364904
   0.0030416678
  -0.0043634310
  -0.0029225840
  -0.0070248886
   0.0006290689
  -0.0128626404
  -0.0159628146
  -0.0212215746
  -0.0157235308
  -0.0247956766
  -0.0266847003
  -0.0238607742
  -0.0265658903
  -0.0294502290
  -0.0288963370
  -0.0246437656
  -0.0281229069
  -0.0302081622
  -0.0296445085
  -0.0261977108
  -0.0257821586
  -0.0287531318
  -0.0280282383
  -0.0231950875
  -0.0234873014
  -0.0250729368
  -0.0213062927
  -0.0142914061
  -0.0186323507
   0.0013929939
   0.0007980967
   0.0031544831
   0.0012891794
   0.0009747451
   0.0002787977
  -0.0038896718
   0.0034289642
  -0.0070207047
   0.0004278476
   0.0035238300
   0.0043511232
   0.0008977163
   0.0036593625
   0.0044790205
   0.0039889920
   0.0035794469
   0.0026842024
  -0.0006109138
   0.0003295717
  -0.0033219997
  -0.0107343148
  -0.0049256676
  -0.0011724222
  -0.0005027380
  -0.0003548249
  -0.0009066121
  -0.0039913310
  -0.0118223172
  -0.0005177235
  -0.0008133028
  -0.0017822470
  -0.0063827894
  -0.0036634741
   0.0207438322
   0.0270236734
   0.0229929553
   0.0211967378
   0.0199513619
   0.0276376309
   0.0234693689
   0.0213873937
   0.0200261599
   0.0282138951
   0.0237787926
   0.0212318314
   0.0288485294
   0.0238985501
   0.0209638424
   0.0236942217
  -0.0029192709
   0.0152820778
   0.0093698624
   0.0009895843
   0.0172664760
   0.0131147470
   0.0078074344
   0.0008276216
  -0.0045510838
   0.0145555657
   0.0104399373
   0.0064578833
   0.0080611563
   0.0126372807
   0.0160990101
   0.0116776848
   0.0096276399
   0.0128772418
   0.0082809238
   0.0029217117
   0.0055087789
   0.0107261837
   0.0140209314
   0.0157149934
   0.0118117943
   0.0056710951
  -0.0039525690
   0.0146026025
   0.0086730322
  -0.0009503284
   0.0270073710
   0.0157493016
   0.0217448278
   0.0304002307
   0.0134795486
   0.0199229372
   0.0247607003
   0.0303551265
   0.0138791867
   0.0201753929
   0.0249096987
   0.0270639089
   0.0166212515
   0.0222542607
   0.0219610678
   0.0164080201
   0.0021526592
  -0.0030644517
   0.0031984758
  -0.0007860833
   0.0030998463
  -0.0010038743
   0.0017212075
  -0.0040966692
  -0.0034446020
   0.0002351345
   0.0013611619
  -0.0004062571
  -0.0054096831
  -0.0024670575
   0.0013652251
   0.0018693441
  -0.0107853537
  -0.0027834198
   0.0014874610
   0.0029072582
   0.0020797217
  -0.0102597656
  -0.0019832806
   0.0022181934
  -0.0128919419
  -0.0082912615
  -0.0013453617
   0.0025344293
  -0.0122504546
  -0.0067776822
  -0.0011458607
   0.0021555624
   0.0032176609
   0.0012073036
   0.0007564279
  -0.0021792744
  -0.0004215927
   0.0020815045
   0.0018484724
   0.0012573364
  -0.0019090584
  -0.0019361678
  -0.0017658973
  -0.0015287238
  -0.0040984775
  -0.0054054420
  -0.0018251804
  -0.0009612057
  -0.0018531772
  -0.0054741335
  -0.0118421109
  -0.0017740685
  -0.0059937679
  -0.0142631203
  -0.0067920499
  -0.0176344564
  -0.0005437611
  -0.0017590148
  -0.0055698272
  -0.0135985583
  -0.0011803477
  -0.0018205590
  -0.0053833998
  -0.0123380361
  -0.0018120534
  -0.0020003839
  -0.0016201659
  -0.0042603566
  -0.0055496389
  -0.0010712844
  -0.0018982692
  -0.0075233809
  -0.0087421224
  -0.0029626977
  -0.0164673891
  -0.0064228775
  -0.0019009891
  -0.0178137461
  -0.0069777215
  -0.0022090507
  -0.0107401373
  -0.0039044576
  -0.0098142477
