   3.9470855209   -0.4425834511    1.6466998396
   5.2815431748    1.4426618841   -0.1719535084
   4.6150214891    2.1950093412   -0.1719535084
   3.9470855209   -0.4425834511   -1.9906068563
   2.2402726856   -0.3760418881    1.9348265510
   1.7152726856    0.5332847859   -1.9838267969
   2.2402726856   -0.3760418881   -2.2651734490
   2.1866293365   -1.7005625880    1.8358916466
   3.2366293365   -1.7005625880    1.5545449946
   2.7116293365   -2.6098892620    1.5545449946
   3.2366293365   -1.7005625880   -2.0827617013
   2.7116293365   -2.6098892620   -2.0827617013
   2.1866293365   -1.7005625880   -2.3641083534
   0.9733211038   -2.1934944270    1.8713586165
   0.4483211038   -3.1028211010    1.5900119644
   1.4983211038   -3.1028211010    1.5900119644
   0.7144997467   -3.9936365062    0.8213586165
   1.7288170079   -3.8477997008    0.8213586165
   0.2286508410   -4.1570285367   -0.2286413835
   1.2264481323   -4.2781830626   -0.2286413835
   2.1662570719   -3.9217605454   -0.2286413835
   0.7144997467   -3.9936365062   -1.2786413835
   1.7288170079   -3.8477997008   -1.2786413835
  -0.0766788962   -2.1934944270   -2.0472947314
   0.4483211038   -3.1028211010   -2.0472947314
   1.4983211038   -3.1028211010   -2.0472947314
   0.9733211038   -2.1934944270   -2.3286413835
   0.1900416715   -1.1069377328    2.0029370565
   1.2400416715   -1.1069377328    1.7215904044
  -0.3349583285   -0.1976110588    1.7215904044
  -0.3349583285   -2.0162644067    1.7215904044
  -0.3349583285   -0.1976110588   -1.9157162915
  -0.3349583285   -2.0162644067   -1.9157162915
   0.1900416715   -1.1069377328   -2.1970629435
   0.9236313254    0.0337579455    2.0459158862
  -0.1263686746    0.0337579455    1.7645692341
   1.4486313254   -0.8755687285    1.7645692341
   1.4486313254    0.9430846195   -1.8727374618
  -0.1263686746    0.0337579455   -1.8727374618
   0.9236313254    0.0337579455   -2.1540841138
   0.3420791914    1.3357799860    2.1822192547
   1.3920791914    1.3357799860    1.9008726027
  -0.1829208086    2.2451066600    1.9008726027
  -0.1829208086    0.4264533120    1.9008726027
   1.3920791914    1.3357799860   -1.7364340932
  -0.1829208086    2.2451066600   -1.7364340932
   0.3420791914    1.3357799860   -2.0177807453
   0.9460903650    2.3739032258    2.0858959218
   1.9260903650    2.3739032258    1.8233057132
   1.4360903650    3.2226081215    1.8233057132
   0.4560903650    3.2226081215    1.8233057132
   2.3193237327    3.3716156683    1.1058959218
   1.4706188370    3.9882358687    1.1058959218
   0.4215618931    3.9882358687    1.1058959218
   2.6435001565    3.3539032258    0.1258959218
   1.9260903650    4.0713130172    0.1258959218
   0.9460903650    4.3339032258    0.1258959218
   2.3193237327    3.3716156683   -0.8541040782
   1.4706188370    3.9882358687   -0.8541040782
   0.4215618931    3.9882358687   -0.8541040782
   1.9260903650    2.3739032258   -1.5715138696
   1.4360903650    3.2226081215   -1.5715138696
   0.4560903650    3.2226081215   -1.5715138696
   0.9460903650    2.3739032258   -1.8341040782
  -1.0492492494    1.2704864064    2.2614689592
  -0.5242492494    2.1798130804    1.9801223071
  -0.5242492494    0.3611597324    1.9801223071
  -0.5242492494    2.1798130804   -1.6571843888
  -2.0992492494    1.2704864064   -1.6571843888
  -0.5242492494    0.3611597324   -1.6571843888
  -1.0492492494    1.2704864064   -1.9385310408
  -1.8232609570    0.1149721905    2.2197102028
  -0.7732609570    0.1149721905    1.9383635507
  -2.3482609570   -0.7943544835    1.9383635507
  -0.7732609570    0.1149721905   -1.6989431452
  -2.3482609570    1.0242988645   -1.6989431452
  -1.8232609570    0.1149721905   -1.9802897972
  -3.0178696147    0.1732829710    2.1572113954
  -3.5078696147    1.0219878667    1.8946211868
  -3.9978696147    0.1732829710    1.8946211868
  -3.5078696147   -0.6754219247    1.8946211868
  -4.3911029823    1.1709954135    1.1772113954
  -4.7152794061    0.1732829710    1.1772113954
  -4.3911029823   -0.8244294715    1.1772113954
  -3.9978696147    1.8706927624    0.1972113954
  -4.7152794061    1.1532829710    0.1972113954
  -4.9778696147    0.1732829710    0.1972113954
  -4.7152794061   -0.8067170290    0.1972113954
  -3.9978696147   -1.5241268204    0.1972113954
  -4.3911029823    1.1709954135   -0.7827886046
  -4.7152794061    0.1732829710   -0.7827886046
  -4.3911029823   -0.8244294715   -0.7827886046
  -3.5078696147    1.0219878667   -1.5001983960
  -3.9978696147    0.1732829710   -1.5001983960
  -3.5078696147   -0.6754219247   -1.5001983960
  -3.0178696147    0.1732829710   -1.7627886046
  -1.1763372288   -1.0877520172    2.0874177756
  -0.6513372288   -1.9970786912    1.8060711235
  -0.6513372288   -0.1784253433   -1.8312355724
  -0.6513372288   -1.9970786912   -1.8312355724
  -1.1763372288   -1.0877520172   -2.1125822244
  -0.9293405728   -2.3043218676    1.7619457038
  -2.2381619299   -4.1044639468    0.9932923558
  -4.0183183894   -2.8068847626   -0.0567076442
  -3.5512131439   -3.6968794499   -0.0567076442
  -2.7240108356   -4.2678559773   -0.0567076442
  -0.9293405728   -2.3043218676   -1.8753609921
  -1.4543405728   -3.2136485416   -1.8753609921
  -0.7508169127    2.5189249557    2.1221375306
  -1.2758169127    3.4282516297    2.1221375306
  -2.0596382698    4.3190670349    1.3534841826
  -2.5454871755    4.4824590654    0.3034841826
  -3.3726894838    3.9114825380    0.3034841826
  -3.8397947293    2.0163620607    0.3034841826
  -2.0596382698    4.3190670349   -0.7465158174
  -0.7508169127    2.5189249557   -1.5151691653
  -1.2758169127    3.4282516297   -1.5151691653
   5.2796511058   -0.1668132791    1.0850958171
   4.5973197437   -1.1059618296    1.0850958171
   5.8899468293   -0.1668132791    0.2450958171
   5.5161385017    0.8602166602    0.2450958171
   4.5696225899   -1.7403144348    0.2450958171
   5.5161385017   -1.1938432183    0.2450958171
   5.8899468293   -0.1668132791   -0.7932012840
   5.5161385017    0.8602166602   -0.7932012840
   5.5161385017   -1.1938432183   -0.7932012840
   5.2796511058   -0.1668132791   -1.6332012840
   4.5973197437   -1.1059618296   -1.6332012840
   4.6028036693    2.1884301475   -0.4789666915
   3.6562877575    2.7349013640   -0.4789666915
   4.9766119969    1.1614002082   -1.5172637926
   4.6028036693    2.1884301475   -1.5172637926
   3.6562877575    2.7349013640   -1.5172637926
   2.5799495759    2.5451139022   -1.5172637926
   1.8774197218    1.7078714247   -1.5172637926
   4.3663162734    1.1614002082   -2.3572637926
   3.6839849113    2.1005487588   -2.3572637926
   2.5799495759    1.7418259330   -2.3572637926
   2.5799495759    0.5809744835   -2.3572637926
   3.6839849113    0.2222516577   -2.3572637926
   3.3788370495    1.1614002082   -2.6781152420
   3.4854169700    1.0261355032    2.4300222800
   4.4728961939    1.0261355032    2.1091708305
   3.7905648318    1.9652840537    2.1091708305
   2.6865294964    1.6065612279    2.1091708305
   2.6865294964    0.4457097785    2.1091708305
   3.7905648318    0.0869869526    2.1091708305
   5.0831919174    1.0261355032    1.2691708305
   4.7093835898    2.0531654424    1.2691708305
   3.7628676780    2.5996366589    1.2691708305
   2.6865294964    2.4098491972    1.2691708305
   3.7628676780    2.5996366589    0.2308737294
   4.0592031481   -2.2960517265    0.9951858066
   3.3768717860   -3.2352002771    0.9951858066
   4.6694988716   -2.2960517265    0.1551858066
   3.3491746322   -3.8695528823    0.1551858066
   4.2956905440   -3.3230816658    0.1551858066
   4.6694988716   -2.2960517265   -0.8831112945
   3.3491746322   -3.8695528823   -0.8831112945
   4.2956905440   -3.3230816658   -0.8831112945
   4.0592031481   -2.2960517265   -1.7231112945
   3.3768717860   -3.2352002771   -1.7231112945
  -0.3205063076   -3.1406428616    1.1978900030
  -1.0028376697   -4.0797914121    1.1978900030
  -2.1068730052   -4.5243565555    0.3578900030
  -1.0305348236   -4.7141440173    0.3578900030
  -0.0840189117   -4.1676728008    0.3578900030
  -2.1068730052   -4.5243565555   -0.6804070981
  -1.0305348236   -4.7141440173   -0.6804070981
  -0.0840189117   -4.1676728008   -0.6804070981
  -1.0028376697   -4.0797914121   -1.5204070981
  -2.5542695484   -2.4022041567    2.5332569257
  -1.5667903245   -2.4022041567    2.2124054762
  -2.2491216866   -1.4630556061    2.2124054762
  -3.3531570221   -1.8217784320    2.2124054762
  -3.3531570221   -2.9826298814    2.2124054762
  -2.2491216866   -3.3413527072    2.2124054762
  -4.0556868761   -1.8557329402    1.3724054762
  -4.0556868761   -2.9486753732    1.3724054762
  -3.3531570221   -3.7859178506    1.3724054762
  -2.2768188404   -3.9757053124    1.3724054762
  -4.0556868761   -1.8557329402    0.3341083751
  -4.0556868761   -2.9486753732    0.3341083751
  -4.1616770940   -1.7223658767   -0.3761739982
  -4.1616770940   -2.8153083098   -0.3761739982
  -3.4591472400   -0.8851233993   -1.4144710993
  -4.1616770940   -1.7223658767   -1.4144710993
  -4.1616770940   -2.8153083098   -1.4144710993
  -3.4591472400   -3.6525507872   -1.4144710993
  -1.6727805425   -2.2688370933   -2.2544710993
  -2.3551119045   -1.3296885427   -2.2544710993
  -3.4591472400   -1.6884113685   -2.2544710993
  -3.4591472400   -2.8492628180   -2.2544710993
  -2.3551119045   -3.2079856438   -2.2544710993
  -2.6602597663   -2.2688370933   -2.5753225487
  -2.3746205027    2.5006589970    2.8989319717
  -1.3871412789    2.5006589970    2.5780805223
  -2.0694726410    3.4398075476    2.5780805223
  -3.1735079764    3.0810847218    2.5780805223
  -3.1735079764    1.9202332723    2.5780805223
  -2.0694726410    1.5615104465    2.5780805223
  -2.0971697948    4.0741601528    1.7380805223
  -3.1735079764    3.8843726910    1.7380805223
  -3.8760378305    3.0471302135    1.7380805223
  -3.8760378305    1.9541877805    1.7380805223
  -3.8760378305    3.0471302135    0.6997834212
  -3.8760378305    1.9541877805    0.6997834212
  -3.2801623519    4.0186967101   -0.0086861427
  -3.9826922059    3.1814542326   -0.0086861427
  -3.9826922059    2.0885117996   -0.0086861427
  -2.2038241703    4.2084841719   -1.0469832438
  -3.2801623519    4.0186967101   -1.0469832438
  -3.9826922059    3.1814542326   -1.0469832438
  -3.9826922059    2.0885117996   -1.0469832438
  -1.4937956543    2.6349830161   -1.8869832438
  -2.1761270164    3.5741315667   -1.8869832438
  -3.2801623519    3.2154087409   -1.8869832438
  -3.2801623519    2.0545572914   -1.8869832438
  -2.1761270164    1.6958344656   -1.8869832438
  -2.4812748782    2.6349830161   -2.2078346932
  -0.1057952971    3.3286838312    1.6817836436
  -0.7881266592    4.2678323818    1.6817836436
   0.1306920988    4.3557137704    0.8417836436
  -0.8158238130    4.9021849869    0.8417836436
  -1.8921619946    4.7123975252    0.8417836436
   0.1306920988    4.3557137704   -0.1965134575
  -0.8158238130    4.9021849869   -0.1965134575
  -1.8921619946    4.7123975252   -0.1965134575
  -0.7881266592    4.2678323818   -1.0365134575
   3.9427460079   -0.4350671940    1.9903717746
   5.2984810789    0.4667432228    1.3244220161
   4.2015684060   -1.2400862126    1.3244220161
   5.5301967945    1.4819561058    0.3620967331
   4.8809437868    2.2960936265    0.3620967331
   5.5301967945    1.4819561058   -0.7060037499
   3.9427460079   -0.4350671940   -2.3342787913
   2.2402726856   -0.3760418881    2.2348265510
   1.7196121986    0.5257685288   -2.3274987319
   2.2402726856   -0.3760418881   -2.5651734490
   2.1866293365   -1.7005625880    2.1358916466
   3.2279503104   -1.7005625880    1.8982169296
   2.7072898235   -2.6023730049    1.8982169296
   4.0630248945   -1.7005625880    1.2322671711
   2.9661122216   -3.4073920234    1.2322671711
   3.2279503104   -1.7005625880   -2.4264336363
   2.7072898235   -2.6023730049   -2.4264336363
   2.1866293365   -1.7005625880   -2.6641083534
   0.9733211038   -2.1934944270    2.1713586165
   0.4526606168   -3.0953048439    1.9336838995
   1.4939815907   -3.0953048439    1.9336838995
   0.7062821734   -4.0507909837    1.2677341410
   1.7528039888   -3.9003238625    1.2677341410
   0.4526606168   -4.4746570685    0.3054088580
   1.4939815907   -4.4746570685    0.3054088580
   2.4321793697   -4.0228448308    0.3054088580
   0.4526606168   -4.4746570685   -0.7626916250
   1.4939815907   -4.4746570685   -0.7626916250
  -0.2554566685   -3.6115795713   -1.7250169080
   0.7062821734   -4.0507909837   -1.7250169080
   1.7528039888   -3.9003238625   -1.7250169080
  -0.0679998701   -2.1934944270   -2.3909666665
   0.4526606168   -3.0953048439   -2.3909666665
   1.4939815907   -3.0953048439   -2.3909666665
   0.9733211038   -2.1934944270   -2.6286413835
   0.1900416715   -1.1069377328    2.3029370565
   1.2313626454   -1.1069377328    2.0652623394
  -0.3306188154   -0.2051273159    2.0652623394
  -0.3306188154   -2.0087481496    2.0652623394
  -0.3306188154   -0.2051273159   -2.2593882265
  -0.3306188154   -2.0087481496   -2.2593882265
   0.1900416715   -1.1069377328   -2.4970629435
   0.9236313254    0.0337579455    2.3459158862
  -0.1176896484    0.0337579455    2.1082411692
   1.4442918124   -0.8680524714    2.1082411692
   1.4442918124    0.9355683624   -2.2164093968
  -0.1176896484    0.0337579455   -2.2164093968
   0.9236313254    0.0337579455   -2.4540841138
   0.3420791914    1.3357799860    2.4822192547
   1.3834001653    1.3357799860    2.2445445377
  -0.1785812956    2.2375904029    2.2445445377
  -0.1785812956    0.4339695691    2.2445445377
   1.3834001653    1.3357799860   -2.0801060282
  -0.1785812956    2.2375904029   -2.0801060282
   0.3420791914    1.3357799860   -2.3177807453
   0.9460903650    2.3739032258    2.3658959218
   1.9179899407    2.3739032258    2.1440661859
   1.4320401529    3.2155929482    2.1440661859
   0.4601405772    3.2155929482    2.1440661859
   2.3629238666    3.4032930198    1.5225130780
   1.4872726062    4.0394909001    1.5225130780
   0.4049081238    4.0394909001    1.5225130780
   2.8797833445    3.3887835915    0.6243428139
   2.1866520427    4.1711670962    0.6243428139
   1.2093230109    4.5418191074    0.6243428139
   2.8797833445    3.3887835915   -0.3725509702
   2.1866520427    4.1711670962   -0.3725509702
   1.2093230109    4.5418191074   -0.3725509702
   2.3629238666    3.4032930198   -1.2707212343
   1.4872726062    4.0394909001   -1.2707212343
   0.4049081238    4.0394909001   -1.2707212343
   1.9179899407    2.3739032258   -1.8922743423
   1.4320401529    3.2155929482   -1.8922743423
   0.4601405772    3.2155929482   -1.8922743423
   0.9460903650    2.3739032258   -2.1141040782
  -1.0492492494    1.2704864064    2.5614689592
  -0.5285887624    2.1722968233    2.3237942421
  -0.5285887624    0.3686759895    2.3237942421
  -0.5285887624    2.1722968233   -2.0008563238
  -2.0905702233    1.2704864064   -2.0008563238
  -0.5285887624    0.3686759895   -2.0008563238
  -1.0492492494    1.2704864064   -2.2385310408
  -1.8232609570    0.1149721905    2.5197102028
  -0.7819399832    0.1149721905    2.2820354857
  -2.3439214440   -0.7868382264    2.2820354857
  -2.3439214440    1.0167826074   -2.0426150802
  -2.8645819309    0.1149721905   -2.0426150802
  -1.8232609570    0.1149721905   -2.2802897972
  -3.0178696147    0.1732829710    2.4372113954
  -3.5038194025    1.0149726934    2.2153816595
  -3.9897691903    0.1732829710    2.2153816595
  -3.5038194025   -0.6684067514    2.2153816595
  -4.4347031162    1.2026727650    1.5938285516
  -4.7691721354    0.1732829710    1.5938285516
  -4.4347031162   -0.8561068230    1.5938285516
  -4.6524962216    1.6214357777    0.6956582875
  -5.1382497594    0.6959097379    0.6956582875
  -5.1382497594   -0.3493437959    0.6956582875
  -4.6524962216   -1.2748698357    0.6956582875
  -4.6524962216    1.6214357777   -0.3012354966
  -5.1382497594    0.6959097379   -0.3012354966
  -5.1382497594   -0.3493437959   -0.3012354966
  -4.6524962216   -1.2748698357   -0.3012354966
  -4.4347031162    1.2026727650   -1.1994057607
  -4.7691721354    0.1732829710   -1.1994057607
  -4.4347031162   -0.8561068230   -1.1994057607
  -3.5038194025    1.0149726934   -1.8209588687
  -3.9897691903    0.1732829710   -1.8209588687
  -3.5038194025   -0.6684067514   -1.8209588687
  -3.0178696147    0.1732829710   -2.0427886046
  -1.1763372288   -1.0877520172    2.3874177756
  -0.6556767419   -1.9895624341    2.1497430585
  -0.6556767419   -0.1859416004   -2.1749075074
  -0.6556767419   -1.9895624341   -2.1749075074
  -1.1763372288   -1.0877520172   -2.4125822244
  -0.9380195989   -2.3043218676    2.1056176388
  -3.4381988387   -4.1336722713    0.4773425973
  -2.5000010597   -4.5854845091    0.4773425973
  -3.4381988387   -4.1336722713   -0.5907578857
  -2.5000010597   -4.5854845091   -0.5907578857
  -2.2463795031   -4.1616184243   -1.5530831686
  -0.9380195989   -2.3043218676   -2.2190329271
  -1.4586800858   -3.2061322845   -2.2190329271
  -0.7594959388    2.5189249557    2.4658094656
  -2.0678558431    4.3762215124    1.7998597071
  -2.3214773996    4.8000875972    0.8375344241
  -3.2596751786    4.3482753595    0.8375344241
  -2.3214773996    4.8000875972   -0.2305660589
  -1.2801564257    3.4207353726   -1.8588411003
   5.2521718819   -0.1668132791    1.3887160418
   4.7721718819   -0.9981976667    1.3887160418
   5.9549406572   -0.1668132791    0.6859472666
   5.6373800788    0.8105376850    0.6859472666
   4.8059956912   -1.7482003579    0.6859472666
   5.6373800788   -1.1441642432    0.6859472666
   6.2121718819   -0.1668132791   -0.2740527334
   5.9549406572    0.7931867209   -0.2740527334
   5.2521718819   -1.8295820543   -0.2740527334
   5.9549406572   -1.1268132791   -0.2740527334
   5.9549406572   -0.1668132791   -1.2340527334
   5.6373800788    0.8105376850   -1.2340527334
   4.8059956912   -1.7482003579   -1.2340527334
   5.6373800788   -1.1441642432   -1.2340527334
   5.2521718819   -0.1668132791   -1.9368215087
   4.7721718819   -0.9981976667   -1.9368215087
   5.0416058248    2.1214002082   -0.9981152420
   4.3388370495    2.8241689835   -0.9981152420
   3.3788370495    3.0814002082   -0.9981152420
   5.0416058248    1.1614002082   -1.9581152420
   4.7240452465    2.1387511723   -1.9581152420
   3.8926608588    2.7427872870   -1.9581152420
   2.8650132403    2.7427872870   -1.9581152420
   2.0336288526    2.1387511723   -1.9581152420
   4.3388370495    1.1614002082   -2.6608840173
   3.8588370495    1.9927845959   -2.6608840173
   2.8988370495    1.9927845959   -2.6608840173
   2.4188370495    1.1614002082   -2.6608840173
   2.8988370495    0.3300158206   -2.6608840173
   3.8588370495    0.3300158206   -2.6608840173
   3.3788370495    1.1614002082   -2.9181152420
   3.4854169700    1.0261355032    2.6700222800
   4.4454169700    1.0261355032    2.4127910552
   3.9654169700    1.8575198908    2.4127910552
   3.0054169700    1.8575198908    2.4127910552
   2.5254169700    1.0261355032    2.4127910552
   3.0054169700    0.1947511156    2.4127910552
   3.9654169700    0.1947511156    2.4127910552
   5.1481857453    1.0261355032    1.7100222800
   4.8306251670    2.0034864673    1.7100222800
   3.9992407793    2.6075225820    1.7100222800
   2.9715931608    2.6075225820    1.7100222800
   5.1481857453    1.9861355032    0.7500222800
   4.4454169700    2.6889042785    0.7500222800
   3.4854169700    2.9461355032    0.7500222800
   4.0317239242   -2.2960517265    1.2988060313
   3.5517239242   -3.1274361142    1.2988060313
   4.7344926995   -2.2960517265    0.5960372560
   3.5855477335   -3.8774388053    0.5960372560
   4.4169321211   -3.2734026906    0.5960372560
   4.9917239242   -2.2960517265   -0.3639627440
   3.0717239242   -4.2160517265   -0.3639627440
   4.0317239242   -3.9588205018   -0.3639627440
   4.7344926995   -3.2560517265   -0.3639627440
   4.7344926995   -2.2960517265   -1.3239627440
   2.5579001150   -3.8774388053   -1.3239627440
   3.5855477335   -3.8774388053   -1.3239627440
   4.4169321211   -3.2734026906   -1.3239627440
   4.0317239242   -2.2960517265   -2.0267315192
   3.5517239242   -3.1274361142   -2.0267315192
  -0.8279855315   -3.9720272492    1.5015102277
  -1.8218093408   -4.7220299404    0.7987414524
  -0.7941617222   -4.7220299404    0.7987414524
  -2.2679855315   -4.8034116368   -0.1612585476
  -1.3079855315   -5.0606428616   -0.1612585476
  -0.3479855315   -4.8034116368   -0.1612585476
  -1.8218093408   -4.7220299404   -1.1212585476
  -0.7941617222   -4.7220299404   -1.1212585476
  -1.7879855315   -3.9720272492   -1.8240273228
  -0.8279855315   -3.9720272492   -1.8240273228
  -2.5542695484   -2.4022041567    2.7732569257
  -1.5942695484   -2.4022041567    2.5160257009
  -2.0742695484   -1.5708197691    2.5160257009
  -3.0342695484   -1.5708197691    2.5160257009
  -3.5142695484   -2.4022041567    2.5160257009
  -3.0342695484   -3.2335885443    2.5160257009
  -2.0742695484   -3.2335885443    2.5160257009
  -3.8994777453   -1.4248531926    1.8132569257
  -4.2170383236   -2.4022041567    1.8132569257
  -3.8994777453   -3.3795551208    1.8132569257
  -3.0680933576   -3.9835912355    1.8132569257
  -2.0404457391   -3.9835912355    1.8132569257
  -4.4742695484   -2.4022041567    0.8532569257
  -4.2170383236   -3.3622041567    0.8532569257
  -3.5142695484   -4.0649729319    0.8532569257
  -4.3230285416   -1.3088370933   -0.8953225487
  -4.5802597663   -2.2688370933   -0.8953225487
  -4.3230285416   -3.2288370933   -0.8953225487
  -3.6202597663   -3.9316058685   -0.8953225487
  -4.0054679632   -1.2914861292   -1.8553225487
  -4.3230285416   -2.2688370933   -1.8553225487
  -4.0054679632   -3.2461880573   -1.8553225487
  -3.1740835756   -3.8502241721   -1.8553225487
  -1.7002597663   -2.2688370933   -2.5580913240
  -2.1802597663   -1.4374527056   -2.5580913240
  -3.1402597663   -1.4374527056   -2.5580913240
  -3.6202597663   -2.2688370933   -2.5580913240
  -3.1402597663   -3.1002214809   -2.5580913240
  -2.1802597663   -3.1002214809   -2.5580913240
  -2.6602597663   -2.2688370933   -2.8153225487
  -2.3746205027    2.5006589970    3.1389319717
  -1.4146205027    2.5006589970    2.8817007470
  -1.8946205027    3.3320433847    2.8817007470
  -2.8546205027    3.3320433847    2.8817007470
  -3.3346205027    2.5006589970    2.8817007470
  -2.8546205027    1.6692746094    2.8817007470
  -1.8946205027    1.6692746094    2.8817007470
  -1.8607966935    4.0820460758    2.1789319717
  -2.8884443120    4.0820460758    2.1789319717
  -3.7198286996    3.4780099611    2.1789319717
  -4.0373892780    2.5006589970    2.1789319717
  -3.7198286996    1.5233080330    2.1789319717
  -3.3346205027    4.1634277723    1.2189319717
  -4.0373892780    3.4606589970    1.2189319717
  -4.2946205027    2.5006589970    1.2189319717
  -3.4412748782    4.2977517914   -0.5278346932
  -4.1440436535    3.5949830161   -0.5278346932
  -4.4012748782    2.6349830161   -0.5278346932
  -1.9674510689    4.2163700949   -1.4878346932
  -2.9950986875    4.2163700949   -1.4878346932
  -3.8264830751    3.6123339802   -1.4878346932
  -4.1440436535    2.6349830161   -1.4878346932
  -3.8264830751    1.6576320521   -1.4878346932
  -1.5212748782    2.6349830161   -2.1906034685
  -2.0012748782    3.4663674038   -2.1906034685
  -2.9612748782    3.4663674038   -2.1906034685
  -3.4412748782    2.6349830161   -2.1906034685
  -2.9612748782    1.8035986285   -2.1906034685
  -2.0012748782    1.8035986285   -2.1906034685
  -2.4812748782    2.6349830161   -2.4478346932
  -0.1332745209    3.3286838312    1.9854038683
  -0.6132745209    4.1600682188    1.9854038683
   0.2519336760    4.3060347953    1.2826350930
  -0.5794507117    4.9100709100    1.2826350930
  -1.6070983302    4.9100709100    1.2826350930
  -0.1332745209    4.9914526065    0.3226350930
  -1.0932745209    5.2486838312    0.3226350930
  -2.0532745209    4.9914526065    0.3226350930
  -0.5794507117    4.9100709100   -0.6373649070
  -1.6070983302    4.9100709100   -0.6373649070
  -0.6132745209    4.1600682188   -1.3401336823
   3.9387081546   -0.4280734271    2.3225212294
   5.3312738301    0.4667432228    1.7372348008
   4.2151910072   -1.2699155484    1.7372348008
   5.0281969309   -0.5654419053    1.7372348008
   5.6695296015    1.5490552492    0.8612917590
   5.9165602587    1.4999884902   -0.1719535084
   5.3312738301    2.3759315320   -0.1719535084
   4.4553307883    2.9612179606   -0.1719535084
   3.4220855209    3.1667432228   -0.1719535084
   5.6695296015    1.5490552492   -1.2051987758
   5.3312738301    0.4667432228   -2.0811418176
   3.9387081546   -0.4280734271   -2.6664282462
   2.2402726856   -0.3760418881    2.5348265510
   1.7236500519    0.5187747618   -2.6596481868
   2.2402726856   -0.3760418881   -2.8651734490
   2.1866293365   -1.7005625880    2.4358916466
   3.2198746039   -1.7005625880    2.2303663844
   2.7032519702   -2.5953792379    2.2303663844
   4.0958176457   -1.7005625880    1.6450799558
   2.9797348228   -3.4372213592    1.6450799558
   3.7927407465   -2.7327477162    1.6450799558
   2.7417021849   -4.1324956361    0.7691369140
   4.0958176457   -1.7005625880   -2.1732966626
   3.2198746039   -1.7005625880   -2.7585830912
   2.7032519702   -2.5953792379   -2.7585830912
   2.1866293365   -1.7005625880   -2.9641083534
   0.9733211038   -2.1934944270    2.4713586165
   0.4566984701   -3.0883110769    2.2658333543
   1.4899437375   -3.0883110769    2.2658333543
  -0.2769313536   -3.6363626791    1.6805469257
   0.7016152783   -4.0832499521    1.6805469257
   1.7664265900   -3.9301531983    1.6805469257
   0.4182482554   -4.6254274751    0.8046038839
   1.5283939521   -4.6254274751    0.8046038839
   0.9733211038   -4.8934944270   -0.2286413835
   2.0065663711   -4.6879691648   -0.2286413835
   0.4182482554   -4.6254274751   -1.2618866509
   1.5283939521   -4.6254274751   -1.2618866509
  -0.2769313536   -3.6363626791   -2.1378296927
   0.7016152783   -4.0832499521   -2.1378296927
   1.7664265900   -3.9301531983   -2.1378296927
  -0.0599241636   -2.1934944270   -2.7231161213
   0.4566984701   -3.0883110769   -2.7231161213
   1.4899437375   -3.0883110769   -2.7231161213
   0.9733211038   -2.1934944270   -2.9286413835
   0.1900416715   -1.1069377328    2.6029370565
   1.2232869389   -1.1069377328    2.3974117942
  -0.3265809622   -0.2121210829    2.3974117942
  -0.3265809622   -2.0017543827    2.3974117942
  -0.3265809622   -0.2121210829   -2.5915376813
  -0.3265809622   -2.0017543827   -2.5915376813
   0.1900416715   -1.1069377328   -2.7970629435
   0.9236313254    0.0337579455    2.6459158862
  -0.1096139419    0.0337579455    2.4403906240
   1.4402539591   -0.8610587044    2.4403906240
   1.4402539591    0.9285745954   -2.5485588516
  -0.1096139419    0.0337579455   -2.5485588516
   0.9236313254    0.0337579455   -2.7540841138
   0.3420791914    1.3357799860    2.7822192547
   1.3753244588    1.3357799860    2.5766939925
  -0.1745434423    2.2305966359    2.5766939925
   1.3753244588    1.3357799860   -2.4122554830
   0.8587018251    2.2305966359   -2.4122554830
  -0.1745434423    2.2305966359   -2.4122554830
   0.3420791914    1.3357799860   -2.6177807453
   0.9460903650    2.3739032258    2.6458959218
   2.0394773876    2.3739032258    2.3963374689
   1.4927838763    3.3208041635    2.3963374689
   0.3993968538    3.3208041635    2.3963374689
   2.6035409767    3.4390820555    1.6970902225
   1.7645473944    4.1660741330    1.6970902225
   0.6656994882    4.3240646103    1.6970902225
   3.1596072023    3.4398767529    0.6866486754
   2.4778915442    4.2947211497    0.6866486754
   1.4927838763    4.7691239993    0.6866486754
   3.1596072023    3.4398767529   -0.4348568317
   2.4778915442    4.2947211497   -0.4348568317
   1.4927838763    4.7691239993   -0.4348568317
   0.3993968538    4.7691239993   -0.4348568317
   2.6035409767    3.4390820555   -1.4452983789
   1.7645473944    4.1660741330   -1.4452983789
   0.6656994882    4.3240646103   -1.4452983789
   1.4927838763    3.3208041635   -2.1445456253
   0.3993968538    3.3208041635   -2.1445456253
   0.9460903650    2.3739032258   -2.3941040782
  -1.0492492494    1.2704864064    2.8614689592
  -0.5326266157    0.3756697565    2.6559436969
  -2.0824945168    1.2704864064   -2.3330057786
  -0.5326266157    0.3756697565   -2.3330057786
  -1.0492492494    1.2704864064   -2.5385310408
  -1.8232609570    0.1149721905    2.8197102028
  -0.7900156897    0.1149721905    2.6141849405
  -2.3398835907   -0.7798444594    2.6141849405
  -2.3398835907    1.0097888404   -2.3747645350
  -2.8565062244    0.1149721905   -2.3747645350
  -1.8232609570    0.1149721905   -2.5802897972
  -3.0178696147    0.1732829710    2.7172113954
  -3.5645631260    1.1201839087    2.4676529425
  -4.1112566372    0.1732829710    2.4676529425
  -3.5645631260   -0.7736179667    2.4676529425
  -4.3080862755    1.6622723724    1.7684056961
  -4.9082773859    0.7283567751    1.7684056961
  -4.9082773859   -0.3817908331    1.7684056961
  -4.3080862755   -1.3157064304    1.7684056961
  -4.5496707939    2.0941008949    0.7579641490
  -5.2313864519    1.2392564981    0.7579641490
  -5.4746879534    0.1732829710    0.7579641490
  -5.2313864519   -0.8926905561    0.7579641490
  -5.2313864519    1.2392564981   -0.3635413582
  -5.4746879534    0.1732829710   -0.3635413582
  -5.2313864519   -0.8926905561   -0.3635413582
  -4.3080862755    1.6622723724   -1.3739829053
  -4.9082773859    0.7283567751   -1.3739829053
  -4.9082773859   -0.3817908331   -1.3739829053
  -3.5645631260    1.1201839087   -2.0732301517
  -4.1112566372    0.1732829710   -2.0732301517
  -3.0178696147    0.1732829710   -2.3227886046
  -1.1763372288   -1.0877520172    2.6874177756
  -0.6597145951   -1.9825686671    2.4818925133
  -0.6597145951   -0.1929353673   -2.5070569622
  -0.6597145951   -1.9825686671   -2.5070569622
  -1.1763372288   -1.0877520172   -2.7125822244
  -0.9460953054   -2.3043218676    2.4377670936
  -1.1862350865   -4.0409806388    1.8524806650
  -0.3732291628   -3.3365069958    1.8524806650
  -2.5344134211   -4.7362549157    0.9765376232
  -4.6793405728   -2.3043218676   -0.0567076442
  -4.4738153105   -3.3375671350   -0.0567076442
  -3.8885288820   -4.2135101768   -0.0567076442
  -3.0125858401   -4.7987966054   -0.0567076442
  -3.5346201328   -4.2545807499   -1.0899529116
  -2.5344134211   -4.7362549157   -1.0899529116
  -2.2510463982   -4.1940773927   -1.9658959534
  -0.9460953054   -2.3043218676   -2.5511823819
  -1.4627179391   -3.1991385175   -2.5511823819
  -0.7675716453    2.5189249557    2.7979589204
  -2.0725227381    4.4086804808    2.2126724918
  -2.3558897611    4.9508580038    1.3367294500
  -3.3560964727    4.4691838380    1.3367294500
  -2.8340621801    5.0133996935    0.3034841826
  -3.7100052219    4.4281132649    0.3034841826
  -4.2952916505    3.5521702231    0.3034841826
  -4.5008169127    2.5189249557    0.3034841826
  -2.3558897611    4.9508580038   -0.7297610848
  -1.2841942790    3.4137416056   -2.1909905552
   5.3721718819   -0.1668132791    1.5965621387
   4.8321718819   -1.1021207152    1.5965621387
   6.1627867541   -0.1668132791    0.8059472666
   5.0692533834   -1.8683844178    0.8059472666
   5.8658332517   -1.1781440327    0.8059472666
   6.4521718819   -0.1668132791   -0.2740527334
   6.2047568973    0.8369887725   -0.2740527334
   5.5191917349   -1.9444584294   -0.2740527334
   6.2047568973   -1.1706153307   -0.2740527334
   6.1627867541   -0.1668132791   -1.3540527334
   5.8658332517    0.8445174746   -1.3540527334
   5.0692533834   -1.8683844178   -1.3540527334
   5.8658332517   -1.1781440327   -1.3540527334
   5.3721718819   -0.1668132791   -2.1446676056
   4.8321718819   -1.1021207152   -2.1446676056
   4.6058569025    2.9390453586   -0.9981152420
   3.6391962789    3.3056513763   -0.9981152420
   5.2494519217    1.1614002082   -2.0781152420
   4.9524984193    2.1727309619   -2.0781152420
   4.1559185510    2.8629713470   -2.0781152420
   3.1126207965    3.0129749182   -2.0781152420
   2.1538448214    2.5751166017   -2.0781152420
   4.4588370495    1.1614002082   -2.8687301142
   3.9188370495    2.0967076443   -2.8687301142
   2.8388370495    2.0967076443   -2.8687301142
   2.2988370495    1.1614002082   -2.8687301142
   2.8388370495    0.2260927722   -2.8687301142
   3.9188370495    0.2260927722   -2.8687301142
   3.3788370495    1.1614002082   -3.1581152420
   3.4854169700    1.0261355032    2.9100222800
   4.5654169700    1.0261355032    2.6206371521
   4.0254169700    1.9614429393    2.6206371521
   2.9454169700    1.9614429393    2.6206371521
   2.4054169700    1.0261355032    2.6206371521
   2.9454169700    0.0908280671    2.6206371521
   4.0254169700    0.0908280671    2.6206371521
   5.3560318422    1.0261355032    1.8300222800
   5.0590783398    2.0374662568    1.8300222800
   4.2624984715    2.7277066419    1.8300222800
   3.2192007170    2.8777102132    1.8300222800
   4.7124368230    2.8037806535    0.7500222800
   3.7457761994    3.1703866712    0.7500222800
   4.1517239242   -2.2960517265    1.5066521282
   3.6117239242   -3.2313591626    1.5066521282
   4.9423387964   -2.2960517265    0.7160372560
   2.8055076712   -4.1476264365    0.7160372560
   3.8488054257   -3.9976228652    0.7160372560
   4.6453852940   -3.3073824802    0.7160372560
   5.2317239242   -2.2960517265   -0.3639627440
   3.3320831536   -4.4403028946   -0.3639627440
   4.2987437772   -4.0736968769   -0.3639627440
   4.9843089396   -3.2998537781   -0.3639627440
   4.9423387964   -2.2960517265   -1.4439627440
   2.8055076712   -4.1476264365   -1.4439627440
   3.8488054257   -3.9976228652   -1.4439627440
   4.6453852940   -3.3073824802   -1.4439627440
   4.1517239242   -2.2960517265   -2.2345776161
   3.6117239242   -3.2313591626   -2.2345776161
  -0.7679855315   -4.0759502976    1.7093563246
  -1.5742017845   -4.9922175715    0.9187414524
  -0.5309040300   -4.8422140003    0.9187414524
  -2.0739320875   -5.1602779458   -0.1612585476
  -1.0476263021   -5.2848940296   -0.1612585476
  -0.0809656786   -4.9182880119   -0.1612585476
  -1.5742017845   -4.9922175715   -1.2412585476
  -0.5309040300   -4.8422140003   -1.2412585476
  -0.7679855315   -4.0759502976   -2.0318734197
  -2.5542695484   -2.4022041567    3.0132569257
  -1.4742695484   -2.4022041567    2.7238717978
  -2.0142695484   -1.4668967206    2.7238717978
  -3.0942695484   -1.4668967206    2.7238717978
  -3.6342695484   -2.4022041567    2.7238717978
  -3.0942695484   -3.3375115928    2.7238717978
  -2.0142695484   -3.3375115928    2.7238717978
  -4.3491113746   -1.8751910459    1.9332569257
  -4.3491113746   -2.9292172675    1.9332569257
  -3.7792617765   -3.8159205501    1.9332569257
  -2.8204858014   -4.2537788667    1.9332569257
  -4.6515038740   -1.8852823218    0.8532569257
  -4.6515038740   -2.9191259915    0.8532569257
  -4.1710527644   -3.8345490985    0.8532569257
  -4.7574940919   -1.7519152584   -0.8953225487
  -4.7574940919   -2.7857589281   -0.8953225487
  -4.2770429824   -3.7011820351   -0.8953225487
  -3.8852519944   -0.8551206998   -1.9753225487
  -4.4551015925   -1.7418239825   -1.9753225487
  -4.4551015925   -2.7958502041   -1.9753225487
  -3.8852519944   -3.6825534867   -1.9753225487
  -2.9264760193   -4.1204118032   -1.9753225487
  -1.5802597663   -2.2688370933   -2.7659374209
  -2.1202597663   -1.3335296572   -2.7659374209
  -3.2002597663   -1.3335296572   -2.7659374209
  -3.7402597663   -2.2688370933   -2.7659374209
  -3.2002597663   -3.2041445293   -2.7659374209
  -2.1202597663   -3.2041445293   -2.7659374209
  -2.6602597663   -2.2688370933   -3.0553225487
  -2.3746205027    2.5006589970    3.3789319717
  -1.2946205027    2.5006589970    3.0895468439
  -1.8346205027    3.4359664331    3.0895468439
  -2.9146205027    3.4359664331    3.0895468439
  -3.4546205027    2.5006589970    3.0895468439
  -2.9146205027    1.5653515609    3.0895468439
  -1.8346205027    1.5653515609    3.0895468439
  -2.6408367557    4.3522337070    2.2989319717
  -3.5996127309    3.9143753905    2.2989319717
  -4.1694623289    3.0276721078    2.2989319717
  -4.1694623289    1.9736458862    2.2989319717
  -3.9914037188    3.9330039388    1.2189319717
  -4.4718548284    3.0175808319    1.2189319717
  -4.4718548284    1.9837371622    1.2189319717
  -3.2472214342    4.6546181003   -0.5278346932
  -4.0980580942    4.0673279579   -0.5278346932
  -4.5785092038    3.1519048510   -0.5278346932
  -4.5785092038    2.1180611813   -0.5278346932
  -2.7474911312    4.4865577261   -1.6078346932
  -3.7062671063    4.0486994096   -1.6078346932
  -4.2761167044    3.1619961269   -1.6078346932
  -4.2761167044    2.1079699053   -1.6078346932
  -1.4012748782    2.6349830161   -2.3984495654
  -1.9412748782    3.5702904522   -2.3984495654
  -3.0212748782    3.5702904522   -2.3984495654
  -3.5612748782    2.6349830161   -2.3984495654
  -3.0212748782    1.6996755800   -2.3984495654
  -1.9412748782    1.6996755800   -2.3984495654
  -2.4812748782    2.6349830161   -2.6878346932
  -0.5532745209    4.2639912673    2.1932499652
  -0.3161930195    5.0302549699    1.4026350930
  -1.3594907740    5.1802585412    1.4026350930
   0.1337453320    5.1063289815    0.3226350930
  -0.8329152916    5.4729349993    0.3226350930
  -1.8592210770    5.3483189154    0.3226350930
  -0.3161930195    5.0302549699   -0.7573649070
  -1.3594907740    5.1802585412   -0.7573649070
  -0.5532745209    4.2639912673   -1.5479797792
   3.9351157359   -0.4218511753    2.6471243540
   4.2231563906   -1.2873573051    2.1261798210
   5.0443275635   -0.5758084334    2.1261798210
   6.0201617323    0.4667432228    1.3280464916
   5.7955462424    1.5234760195    1.3280464916
   6.1770031639    1.5340040036    0.3489910246
   5.6054306546    2.4571253019    0.3489910246
   4.7389852867    3.1114344714    0.3489910246
   3.6946853082    3.4085634331    0.3489910246
   6.1770031639    1.5340040036   -0.6928980414
   5.6054306546    2.4571253019   -0.6928980414
   5.7955462424    1.5234760195   -1.6719535084
   5.3504483500    0.4667432228   -2.4700868377
   4.2231563906   -1.2873573051   -2.4700868377
   3.9351157359   -0.4218511753   -2.9910313707
   2.2402726856   -0.3760418881    2.8348265510
   2.7533029005   -1.2646362863    2.6539044134
   1.7272424706    0.5125525101   -2.9842513113
   2.2402726856   -0.3760418881   -3.1651734490
   2.1866293365   -1.7005625880    2.7358916466
   3.2126897665   -1.7005625880    2.5549695090
   2.6996595515   -2.5891569862    2.5549695090
   4.1149921656   -1.7005625880    2.0340249760
   2.9877002062   -3.4546631160    2.0340249760
   3.8088713791   -2.7431142443    2.0340249760
   2.9894790385   -4.1714798986    1.2358916466
   4.1149921656   -1.7005625880   -2.5622416827
   2.9877002062   -3.4546631160   -2.5622416827
   3.2126897665   -1.7005625880   -3.0831862157
   1.6735991215   -0.8119681898   -3.0831862157
   2.6996595515   -2.5891569862   -3.0831862157
   2.1866293365   -1.7005625880   -3.2641083534
   0.9733211038   -2.1934944270    2.7713586165
   0.4602908888   -3.0820888252    2.5904364789
   1.4863513187   -3.0820888252    2.5904364789
  -0.2894879938   -3.6508538143    2.0694919459
   0.6988864596   -4.1022293030    2.0694919459
   1.7743919735   -3.9475949550    2.0694919459
   0.7017481899   -4.7773381051    1.2713586165
   1.7761708057   -4.6644117377    1.2713586165
   0.1648048008   -5.0351344784    0.2923031495
   1.2459208910   -5.1353146373    0.2923031495
   2.2902208695   -4.8381856757    0.2923031495
   0.1648048008   -5.0351344784   -0.7495859165
   1.2459208910   -5.1353146373   -0.7495859165
   2.2902208695   -4.8381856757   -0.7495859165
   0.7017481899   -4.7773381051   -1.7286413835
   1.7761708057   -4.6644117377   -1.7286413835
  -0.2894879938   -3.6508538143   -2.5267747129
   0.6988864596   -4.1022293030   -2.5267747129
   1.7743919735   -3.9475949550   -2.5267747129
  -0.0527393262   -2.1934944270   -3.0477192459
   0.4602908888   -3.0820888252   -3.0477192459
   1.4863513187   -3.0820888252   -3.0477192459
   0.9733211038   -2.1934944270   -3.2286413835
   0.1900416715   -1.1069377328    2.9029370565
   1.2161021015   -1.1069377328    2.7220149188
  -0.3229885435   -1.9955321309    2.7220149188
  -0.3229885435   -0.2183433346   -2.9161408059
   0.1900416715   -1.1069377328   -3.0970629435
   0.9236313254    0.0337579455    2.9459158862
  -0.1024291045    0.0337579455    2.7649937485
   1.4366615404   -0.8548364527    2.7649937485
   1.4366615404    0.9223523437   -2.8731619762
  -0.1024291045    0.0337579455   -2.8731619762
   0.9236313254    0.0337579455   -3.0540841138
   0.3420791914    1.3357799860    3.0822192547
   1.3681396213    1.3357799860    2.9012971171
  -0.1709510236    2.2243743842    2.9012971171
   1.3681396213    1.3357799860   -2.7368586076
   0.8551094064    2.2243743842   -2.7368586076
  -0.1709510236    2.2243743842   -2.7368586076
   0.3420791914    1.3357799860   -2.9177807453
   0.9460903650    2.3739032258    2.9258959218
   2.0176039757    2.3739032258    2.7127586129
   1.4818471704    3.3018612331    2.7127586129
   0.4103335597    3.3018612331    2.7127586129
   2.6607331850    3.3638527194    2.1057949091
   1.9360398587    4.0885460457    2.1057949091
   0.9460903650    4.3538022131    2.1057949091
   3.3093070260    3.4260750728    1.1974095324
   2.6770393661    4.2963168488    1.1974095324
   1.7454748987    4.8341558448    1.1974095324
   0.6756895833    4.9465948123    1.1974095324
   3.0153153333    4.2602510280    0.1258959218
   2.1941577612    4.8803604416    0.1258959218
   1.2044417715    5.1619589194    0.1258959218
   2.6770393661    4.2963168488   -0.9456176888
   1.7454748987    4.8341558448   -0.9456176888
   0.6756895833    4.9465948123   -0.9456176888
   2.6607331850    3.3638527194   -1.8540030655
   1.9360398587    4.0885460457   -1.8540030655
   0.9460903650    4.3538022131   -1.8540030655
  -0.0438591286    4.0885460457   -1.8540030655
   1.4818471704    3.3018612331   -2.4609667692
   0.4103335597    3.3018612331   -2.4609667692
   0.9460903650    2.3739032258   -2.6741040782
  -1.0492492494    1.2704864064    3.1614689592
  -0.5362190344    0.3818920082    2.9805468215
  -2.0753096794    1.2704864064   -2.6576089032
  -0.5362190344    0.3818920082   -2.6576089032
  -1.0492492494    1.2704864064   -2.8385310408
  -1.8232609570    0.1149721905    3.1197102028
  -0.7972005271    0.1149721905    2.9387880651
  -2.3362911720   -0.7736222077    2.9387880651
  -2.3362911720    1.0035665887   -2.6993676596
  -2.8493213870    0.1149721905   -2.6993676596
  -1.8232609570    0.1149721905   -2.8802897972
  -3.0178696147    0.1732829710    2.9972113954
  -3.5536264200    1.1012409783    2.7840740864
  -4.0893832253    0.1732829710    2.7840740864
  -3.5536264200   -0.7546750363    2.7840740864
  -4.7325124346    1.1632324646    2.1771103827
  -4.9977686020    0.1732829710    2.1771103827
  -4.7325124346   -0.8166665227    2.1771103827
  -5.1106854938    1.6938027105    1.2687250060
  -5.5482031493    0.7111219670    1.2687250060
  -5.5482031493   -0.3645560250    1.2687250060
  -5.1106854938   -1.3472367685    1.2687250060
  -5.3984775947    1.6472930270    0.1972113954
  -5.7701942938    0.6877816209    0.1972113954
  -5.7701942938   -0.3412156789    0.1972113954
  -5.3984775947   -1.3007270851    0.1972113954
  -5.1106854938    1.6938027105   -0.8743022152
  -5.5482031493    0.7111219670   -0.8743022152
  -5.5482031493   -0.3645560250   -0.8743022152
  -5.1106854938   -1.3472367685   -0.8743022152
  -4.7325124346    1.1632324646   -1.7826875919
  -4.9977686020    0.1732829710   -1.7826875919
  -4.7325124346   -0.8166665227   -1.7826875919
  -3.5536264200    1.1012409783   -2.3896512956
  -4.0893832253    0.1732829710   -2.3896512956
  -1.1763372288   -1.0877520172    2.9874177756
  -0.6633070138   -1.9763464154    2.8064956379
  -0.6633070138   -0.1991576191   -2.8316600868
  -1.1763372288   -1.0877520172   -3.0125822244
  -0.9532801428   -2.3043218676    2.7623702182
  -1.1782697031   -4.0584223956    2.2414256852
  -0.3570985302   -3.3468735239    2.2414256852
  -2.2509134866   -4.8881655457    1.4432923558
  -4.8834591615   -2.8471957169    0.4642368888
  -4.4912418538   -3.8596252939    0.4642368888
  -3.7597783592   -4.6620025250    0.4642368888
  -2.7878568758   -5.1459619190    0.4642368888
  -4.4912418538   -3.8596252939   -0.5776521772
  -3.7597783592   -4.6620025250   -0.5776521772
  -2.7878568758   -5.1459619190   -0.5776521772
  -3.2783786784   -4.5543218676   -1.5567076442
  -2.2509134866   -4.8881655457   -1.5567076442
  -2.2537752169   -4.2130567436   -2.3548409735
  -0.9532801428   -2.3043218676   -2.8757855065
  -1.4663103578   -3.1929162658   -2.8757855065
  -0.7747564827    2.5189249557    3.1225620450
  -0.1785748702    3.5614766120    2.6016175120
  -0.9997460430    4.2730254837    2.6016175120
  -2.0723898265    5.1027686338    1.8034841826
  -3.0998550184    4.7689249557    1.8034841826
  -2.6093332157    5.3605650071    0.8244287156
  -3.5812546991    4.8766056131    0.8244287156
  -4.3127181937    4.0742283820    0.8244287156
  -4.7049355014    3.0617988050    0.8244287156
  -2.6093332157    5.3605650071   -0.2174603504
  -3.5812546991    4.8766056131   -0.2174603504
  -2.0723898265    5.1027686338   -1.1965158174
  -0.9997460430    4.2730254837   -1.9946491467
  -1.2877866977    3.4075193539   -2.5155936797
   6.1685674399   -0.1668132791    1.2223227910
   5.0716547670   -1.8736427145    1.2223227910
   5.8706962740   -1.1812693074    1.2223227910
   6.6319988712   -0.1668132791    0.2599975080
   6.4002831555    0.8483996039    0.2599975080
   5.7510301478   -1.9961636828    0.2599975080
   6.4002831555   -1.1820261621    0.2599975080
   6.6319988712   -0.1668132791   -0.8081029749
   6.4002831555    0.8483996039   -0.8081029749
   5.7510301478   -1.9961636828   -0.8081029749
   6.4002831555   -1.1820261621   -0.8081029749
   6.1685674399   -0.1668132791   -1.7704282579
   5.0716547670   -1.8736427145   -1.7704282579
   5.8706962740   -1.1812693074   -1.7704282579
   5.3334928558   -0.1668132791   -2.4363780164
   4.8128323689   -1.0686236960   -2.4363780164
   3.8994975365    3.4425628497   -0.4640650005
   5.4869483231    2.1766130912   -1.5321654835
   4.8376953154    2.9907506120   -1.5321654835
   3.8994975365    3.4425628497   -1.5321654835
   5.2552326075    1.1614002082   -2.4944907665
   4.9573614416    2.1758562365   -2.4944907665
   4.1583199346    2.8682296437   -2.4944907665
   3.1117981192    3.0186967649   -2.4944907665
   2.1500592773    2.5794853525   -2.4944907665
   4.4201580234    1.1614002082   -3.1604405250
   3.8994975365    2.0632106251   -3.1604405250
   2.8581765626    2.0632106251   -3.1604405250
   2.3375160757    1.1614002082   -3.1604405250
   2.8581765626    0.2595897914   -3.1604405250
   3.8994975365    0.2595897914   -3.1604405250
   3.3788370495    1.1614002082   -3.3981152420
   3.4854169700    1.0261355032    3.1500222800
   4.5267379439    1.0261355032    2.9123475629
   4.0060774570    1.9279459201    2.9123475629
   2.9647564831    1.9279459201    2.9123475629
   2.4440959962    1.0261355032    2.9123475629
   2.9647564831    0.1243250863    2.9123475629
   4.0060774570    0.1243250863    2.9123475629
   5.3618125280    1.0261355032    2.2463978044
   5.0639413621    2.0405915315    2.2463978044
   4.2648998551    2.7329649386    2.2463978044
   3.2183780397    2.8834320599    2.2463978044
   5.5935282436    2.0413483862    1.2840725215
   4.9442752359    2.8554859069    1.2840725215
   4.0060774570    3.3072981447    1.2840725215
   4.9481194821   -2.2960517265    1.1324127805
   3.8512068093   -4.0028811620    1.1324127805
   4.6502483163   -3.3105077548    1.1324127805
   5.4115509135   -2.2960517265    0.1700874975
   3.5923844112   -4.5772143680    0.1700874975
   4.5305821901   -4.1254021302    0.1700874975
   5.1798351978   -3.3112646095    0.1700874975
   5.4115509135   -2.2960517265   -0.8980129855
   3.5923844112   -4.5772143680   -0.8980129855
   4.5305821901   -4.1254021302   -0.8980129855
   5.1798351978   -3.3112646095   -0.8980129855
   4.9481194821   -2.2960517265   -1.8603382684
   3.8512068093   -4.0028811620   -1.8603382684
   4.6502483163   -3.3105077548   -1.8603382684
   4.1130448981   -2.2960517265   -2.5262880269
   3.5923844112   -3.1978621434   -2.5262880269
  -1.5750244619   -4.9979394182    1.3351169769
  -0.5285026464   -4.8474722970    1.3351169769
  -1.8286460184   -5.4218055030    0.3727916939
  -0.7873250446   -5.4218055030    0.3727916939
  -1.8286460184   -5.4218055030   -0.6953087891
  -0.7873250446   -5.4218055030   -0.6953087891
  -1.5750244619   -4.9979394182   -1.6576340720
  -0.5285026464   -4.8474722970   -1.6576340720
  -0.7873250446   -4.0424532784   -2.3235838305
  -2.5542695484   -2.4022041567    3.2532569257
  -1.5129485745   -2.4022041567    3.0155822086
  -2.0336090614   -1.5003937398    3.0155822086
  -3.0749300353   -1.5003937398    3.0155822086
  -3.5955905222   -2.4022041567    3.0155822086
  -3.0749300353   -3.3040145736    3.0155822086
  -2.0336090614   -3.3040145736    3.0155822086
  -4.3546579019   -1.8735624385    2.3496324501
  -4.3546579019   -2.9308458749    2.3496324501
  -3.7830473206   -3.8202893009    2.3496324501
  -2.8213084787   -4.2595007134    2.3496324501
  -1.7747866633   -4.1090335921    2.3496324501
  -4.8940965376   -2.4022041567    1.3873071672
  -4.6623808219   -3.4174170397    1.3873071672
  -4.0131278143   -4.2315545604    1.3873071672
  -5.0000867555   -2.2688370933   -0.3612723072
  -5.0000867555   -2.2688370933   -1.4293727902
  -4.7683710399   -3.2840499762   -1.4293727902
  -4.1191180322   -4.0981874970   -1.4293727902
  -3.8890375385   -0.8507519490   -2.3916980732
  -4.4606481199   -1.7401953751   -2.3916980732
  -4.4606481199   -2.7974788114   -2.3916980732
  -3.8890375385   -3.6869222375   -2.3916980732
  -2.9272986967   -4.1261336499   -2.3916980732
  -1.6189387924   -2.2688370933   -3.0576478317
  -2.1395992794   -1.3670266764   -3.0576478317
  -3.1809202533   -1.3670266764   -3.0576478317
  -3.7015807402   -2.2688370933   -3.0576478317
  -3.1809202533   -3.1706475101   -3.0576478317
  -2.1395992794   -3.1706475101   -3.0576478317
  -2.6602597663   -2.2688370933   -3.2953225487
  -2.3746205027    2.5006589970    3.6189319717
  -1.3332995289    2.5006589970    3.3812572547
  -1.8539600158    3.4024694139    3.3812572547
  -2.8952809897    3.4024694139    3.3812572547
  -3.4159414766    2.5006589970    3.3812572547
  -2.8952809897    1.5988485802    3.3812572547
  -1.8539600158    1.5988485802    3.3812572547
  -2.6416594331    4.3579555537    2.7153074962
  -3.6033982750    3.9187441413    2.7153074962
  -4.1750088563    3.0293007152    2.7153074962
  -4.1750088563    1.9720172789    2.7153074962
  -3.8334787686    4.3300094007    1.7529822132
  -4.4827317763    3.5158718800    1.7529822132
  -4.7144474920    2.5006589970    1.7529822132
  -4.5893861518    3.6501958991    0.0062155483
  -4.8211018674    2.6349830161    0.0062155483
  -3.0019353651    4.9161456576   -1.0618849347
  -3.9401331441    4.4643334198   -1.0618849347
  -4.5893861518    3.6501958991   -1.0618849347
  -4.8211018674    2.6349830161   -1.0618849347
  -2.7483138086    4.4922795728   -2.0242102177
  -3.7100526504    4.0530681604   -2.0242102177
  -4.2816632317    3.1636247343   -2.0242102177
  -4.2816632317    2.1063412980   -2.0242102177
  -1.4399539043    2.6349830161   -2.6901599762
  -1.9606143913    3.5367934330   -2.6901599762
  -3.0019353651    3.5367934330   -2.6901599762
  -3.5225958521    2.6349830161   -2.6901599762
  -3.0019353651    1.7331725993   -2.6901599762
  -1.9606143913    1.7331725993   -2.6901599762
  -2.4812748782    2.6349830161   -2.9278346932
  -0.5726140340    4.2304942481    2.4849603760
  -0.3137916359    5.0355132666    1.8190106175
  -1.3603134513    5.1859803879    1.8190106175
   0.3655837450    5.1580342349    0.8566853345
  -0.5726140340    5.6098464727    0.8566853345
  -1.6139350079    5.6098464727    0.8566853345
   0.3655837450    5.1580342349   -0.2114151485
  -0.5726140340    5.6098464727   -0.2114151485
  -1.6139350079    5.6098464727   -0.2114151485
  -0.3137916359    5.0355132666   -1.1737404314
  -1.3603134513    5.1859803879   -1.1737404314
  -0.5726140340    4.2304942481   -1.8396901900
